-7.9970 -5.3794
0.0000 0.0000
0.0000 0.0000
0.0000 0.0000
-6.8366 -6.9183
0.0000 0.0000
0.0000 0.0000
0.0000 0.0000
0.0000 0.0000
0.0000 0.0000
7.7878 7.3273
0.0000 0.0000
0.0000 0.0000
0.0000 0.0000
0.0000 0.0000
0.0000 0.0000
-12.1167 11.1491
-6.5055 -0.3462
0.0000 0.0000
0.0000 0.0000
0.0000 0.0000
0.0000 0.0000
0.0000 0.0000
0.0000 0.0000
0.0000 0.0000
0.0000 0.0000
-7.9581 3.5378
0.0000 0.0000
-3.5558 -10.0478
0.0000 0.0000
0.0000 0.0000
-11.8473 -1.3104
0.0000 0.0000
0.0000 0.0000
0.0000 0.0000
0.0000 0.0000
0.0000 0.0000
0.0000 0.0000
0.0000 0.0000
0.0000 0.0000
0.0000 0.0000
0.0000 0.0000
0.0000 0.0000
-14.2167 -16.4597
0.0000 0.0000
0.0000 0.0000
0.0000 0.0000
0.0000 0.0000
0.0000 0.0000
0.0000 0.0000
10.0197 11.0438
0.0000 0.0000
-6.2303 0.7639
0.0000 0.0000
1.4424 -3.1608
-0.5746 0.2727
0.0000 0.0000
0.0000 0.0000
17.4725 -12.2069
0.0000 0.0000
0.0000 0.0000
0.0000 0.0000
0.0000 0.0000
0.0000 0.0000
0.0000 0.0000
0.0000 0.0000
0.0000 0.0000
0.0000 0.0000
0.0000 0.0000
0.0000 0.0000
0.0000 0.0000
0.0000 0.0000
0.0000 0.0000
-0.7413 -13.7635
0.0000 0.0000
0.0000 0.0000
0.0000 0.0000
0.3658 -6.0218
0.0000 0.0000
0.0000 0.0000
0.0000 0.0000
0.0000 0.0000
-0.7559 2.8529
0.0000 0.0000
0.0000 0.0000
0.0000 0.0000
0.0000 0.0000
0.0000 0.0000
15.3448 12.5172
0.0000 0.0000
0.0000 0.0000
0.0000 0.0000
0.0000 0.0000
11.2526 -2.1190
0.0000 0.0000
0.0000 0.0000
0.0000 0.0000
-2.0095 -16.3515
0.0000 0.0000
1.9174 6.3240
-7.9806 -3.2821
-1.5987 12.8082
0.0000 0.0000
0.0000 0.0000
0.0000 0.0000
11.6676 4.8057
0.0000 0.0000
-7.0143 10.3965
0.0000 0.0000
0.0000 0.0000
0.0000 0.0000
0.0000 0.0000
4.7324 7.9002
0.0000 0.0000
0.0000 0.0000
0.0000 0.0000
0.0000 0.0000
0.0000 0.0000
0.0000 0.0000
0.0000 0.0000
0.0000 0.0000
0.0000 0.0000
0.0000 0.0000
-6.3076 -0.3876
0.0000 0.0000
11.1626 1.6937
0.0000 0.0000
0.0000 0.0000
0.0000 0.0000
0.0000 0.0000
15.8294 -14.6530
0.0000 0.0000
0.0000 0.0000
0.0000 0.0000
0.0000 0.0000
0.0000 0.0000
0.0000 0.0000
0.0000 0.0000
0.0000 0.0000
0.0000 0.0000
0.0000 0.0000
-6.2235 -6.1341
0.0000 0.0000
0.0000 0.0000
6.3977 -7.1124
0.0000 0.0000
0.0000 0.0000
0.0000 0.0000
0.0000 0.0000
0.0000 0.0000
-11.4097 11.0573
3.3071 -1.5355
0.0000 0.0000
0.0000 0.0000
0.0000 0.0000
15.2695 -18.9493
-8.0361 -6.0651
0.0000 0.0000
0.0000 0.0000
0.0000 0.0000
0.0000 0.0000
0.0000 0.0000
0.0000 0.0000
0.0000 0.0000
0.0000 0.0000
0.0000 0.0000
0.0000 0.0000
0.0000 0.0000
0.0000 0.0000
0.0000 0.0000
-16.0000 -10.4703
0.0000 0.0000
0.0000 0.0000
0.0000 0.0000
-5.5999 6.8007
0.0000 0.0000
0.0000 0.0000
0.0000 0.0000
0.0000 0.0000
0.0000 0.0000
-6.7832 6.9807
-8.5592 -6.7829
0.0000 0.0000
0.0000 0.0000
0.0000 0.0000
0.0000 0.0000
0.0000 0.0000
9.7482 -9.7132
-14.0433 5.0412
2.9085 -7.5447
3.8375 9.3009
-12.6317 18.2101
0.0000 0.0000
0.0000 0.0000
-4.6648 -15.3758
0.0000 0.0000
-7.4400 -5.7114
0.0000 0.0000
0.0000 0.0000
0.0000 0.0000
-13.1419 -4.7613
0.0000 0.0000
2.1023 17.2426
0.0000 0.0000
0.0000 0.0000
0.0000 0.0000
-9.6716 1.2487
0.0000 0.0000
0.0000 0.0000
0.0000 0.0000
0.0000 0.0000
0.0000 0.0000
9.7003 7.0354
0.0000 0.0000
0.0000 0.0000
0.0000 0.0000
8.5736 -6.5583
0.0000 0.0000
0.0000 0.0000
0.0000 0.0000
0.0000 0.0000
0.0000 0.0000
-4.8418 -0.8963
0.0000 0.0000
0.0000 0.0000
0.0000 0.0000
11.7840 2.2613
0.0000 0.0000
0.0000 0.0000
0.0000 0.0000
0.0000 0.0000
0.0000 0.0000
0.0000 0.0000
0.0000 0.0000
0.7113 -4.5155
0.0000 0.0000
7.7829 6.7112
-4.9707 -8.0394
0.0000 0.0000
0.0000 0.0000
0.0000 0.0000
0.0000 0.0000
0.0000 0.0000
0.0000 0.0000
0.0000 0.0000
4.2255 -11.3822
0.0000 0.0000
0.0000 0.0000
0.0000 0.0000
0.0000 0.0000
-5.0775 -7.6655
0.0000 0.0000
-4.8793 -5.3039
4.2892 -5.0622
0.0000 0.0000
0.0000 0.0000
0.0000 0.0000
-17.1894 4.7560
-1.6728 -7.3112
12.0072 3.9114
0.0000 0.0000
0.0000 0.0000
0.0000 0.0000
0.0000 0.0000
0.0000 0.0000
0.0000 0.0000
-1.3136 2.8969
0.0000 0.0000
-1.5659 -7.8392
0.0000 0.0000
0.0000 0.0000
0.0000 0.0000
0.0000 0.0000
0.0000 0.0000
0.0000 0.0000
-14.0302 4.9146
0.0000 0.0000
0.0000 0.0000
0.0000 0.0000
0.0000 0.0000
0.0000 0.0000
0.0000 0.0000
0.0000 0.0000
0.8904 -3.5753
0.0000 0.0000
0.0000 0.0000
0.0000 0.0000
0.0000 0.0000
0.0000 0.0000
0.0000 0.0000
0.0000 0.0000
0.0000 0.0000
-6.8409 1.6778
0.0000 0.0000
0.0000 0.0000
1.4638 -5.2921
0.0000 0.0000
0.0000 0.0000
0.0000 0.0000
0.0000 0.0000
0.0000 0.0000
7.4314 8.5686
0.0000 0.0000
0.0000 0.0000
0.0000 0.0000
0.0000 0.0000
-4.4131 0.6295
-3.8273 -4.9903
7.6526 -2.4043
0.0000 0.0000
6.7541 10.0820
0.0000 0.0000
0.0000 0.0000
0.0000 0.0000
0.0000 0.0000
0.0000 0.0000
0.0000 0.0000
0.0000 0.0000
0.0000 0.0000
0.0000 0.0000
8.4570 -0.6396
0.0000 0.0000
0.0000 0.0000
-9.5253 5.1001
0.0000 0.0000
0.0000 0.0000
0.0000 0.0000
0.0000 0.0000
5.8346 -3.5017
-5.9819 4.5839
0.0000 0.0000
-7.6641 3.1206
0.0000 0.0000
0.0000 0.0000
-3.8139 4.5719
0.0000 0.0000
0.0000 0.0000
-0.1198 4.6293
0.0000 0.0000
0.0000 0.0000
0.0000 0.0000
0.0000 0.0000
0.0000 0.0000
0.0000 0.0000
0.0000 0.0000
-14.2305 8.9550
0.0000 0.0000
0.0000 0.0000
0.0000 0.0000
0.0000 0.0000
0.0000 0.0000
0.0000 0.0000
-6.6578 4.2549
0.0000 0.0000
0.0000 0.0000
18.5555 3.3750
0.0000 0.0000
0.0000 0.0000
0.0000 0.0000
0.0000 0.0000
-4.6034 -4.4724
0.0000 0.0000
0.0000 0.0000
0.2029 4.2640
0.0000 0.0000
0.0000 0.0000
0.0000 0.0000
0.0000 0.0000
0.0000 0.0000
0.0000 0.0000
0.0000 0.0000
-6.9343 9.4216
14.8469 -8.3508
0.0000 0.0000
0.0000 0.0000
0.0000 0.0000
0.0000 0.0000
5.0989 -3.1373
-4.8136 -2.1425
0.0000 0.0000
-0.7074 4.3011
0.0000 0.0000
0.0000 0.0000
0.0000 0.0000
0.0000 0.0000
0.0000 0.0000
0.0000 0.0000
0.0000 0.0000
0.0000 0.0000
0.0000 0.0000
-13.9266 1.5482
0.0000 0.0000
0.0000 0.0000
0.0000 0.0000
0.0000 0.0000
0.0000 0.0000
0.0000 0.0000
0.0000 0.0000
0.0000 0.0000
0.0000 0.0000
0.0000 0.0000
0.0000 0.0000
0.0000 0.0000
0.0000 0.0000
0.0000 0.0000
0.0000 0.0000
0.0000 0.0000
0.0000 0.0000
0.0000 0.0000
-11.6145 -9.9443
0.0000 0.0000
0.0000 0.0000
-0.0925 -5.6035
0.0000 0.0000
0.0000 0.0000
0.0000 0.0000
0.0000 0.0000
0.0000 0.0000
0.0000 0.0000
0.0000 0.0000
0.0000 0.0000
-4.3612 0.2570
0.0000 0.0000
0.0000 0.0000
-11.6168 7.1917
0.0000 0.0000
-2.0806 -1.7820
-1.9688 2.2182
0.0000 0.0000
0.0000 0.0000
0.0000 0.0000
0.0000 0.0000
0.0000 0.0000
0.0000 0.0000
0.0000 0.0000
0.0000 0.0000
0.0000 0.0000
0.0000 0.0000
0.0000 0.0000
0.0000 0.0000
0.0000 0.0000
0.0000 0.0000
0.0000 0.0000
0.0000 0.0000
0.0000 0.0000
0.0000 0.0000
13.6357 -10.8462
0.0000 0.0000
0.0000 0.0000
0.0000 0.0000
0.0000 0.0000
0.0000 0.0000
0.0000 0.0000
0.0000 0.0000
0.0000 0.0000
0.0000 0.0000
0.0000 0.0000
2.8658 12.9694
0.0000 0.0000
0.0000 0.0000
0.0000 0.0000
0.0000 0.0000
2.4201 15.7276
-4.0997 7.4399
0.0000 0.0000
0.0000 0.0000
0.0000 0.0000
0.0000 0.0000
0.0000 0.0000
-0.1167 8.7204
0.0000 0.0000
0.0000 0.0000
0.0000 0.0000
0.0000 0.0000
-4.2893 -7.6946
0.0000 0.0000
0.0000 0.0000
0.0000 0.0000
-2.6170 7.1904
-5.1361 -6.9342
0.0000 0.0000
0.0000 0.0000
0.0000 0.0000
3.6984 6.0659
0.0000 0.0000
0.0000 0.0000
-8.2823 8.7966
0.0000 0.0000
-6.8770 2.8860
0.0000 0.0000
0.0000 0.0000
0.0000 0.0000
0.0000 0.0000
0.0000 0.0000
0.0000 0.0000
0.0000 0.0000
0.0000 0.0000
0.0000 0.0000
0.0000 0.0000
0.0000 0.0000
0.0000 0.0000
0.0000 0.0000
0.0000 0.0000
-2.5132 0.4236
5.3444 -8.4525
0.0000 0.0000
0.0000 0.0000
0.0000 0.0000
0.0000 0.0000
-12.2466 0.5699
0.0000 0.0000
0.0000 0.0000
0.0000 0.0000
0.0000 0.0000
0.0000 0.0000
0.0000 0.0000
0.0000 0.0000
0.0000 0.0000
0.0000 0.0000
-13.2605 -0.2754
0.0000 0.0000
3.3828 -10.9682
-7.5527 -0.5870
0.0000 0.0000
0.0000 0.0000
0.0000 0.0000
0.0000 0.0000
0.0000 0.0000
-12.3508 -7.0220
0.0000 0.0000
0.0000 0.0000
-7.2179 -14.1415
-1.1227 2.8599
8.4517 -13.3869
0.0000 0.0000
0.0000 0.0000
0.0000 0.0000
0.0000 0.0000
0.0000 0.0000
0.0000 0.0000
0.0000 0.0000
10.8140 14.1395
-5.5249 -7.5838
0.0000 0.0000
5.1344 1.7707
0.0000 0.0000
2.3377 9.0521
0.0000 0.0000
10.8979 2.7439
0.0000 0.0000
0.0000 0.0000
0.0000 0.0000
0.0000 0.0000
0.0000 0.0000
0.0000 0.0000
0.0000 0.0000
0.0000 0.0000
4.4876 0.5601
0.0000 0.0000
-2.1038 8.0599
-14.1877 0.4800
0.0000 0.0000
0.0000 0.0000
0.0000 0.0000
0.0000 0.0000
0.0000 0.0000
-13.4759 7.7076
0.0000 0.0000
0.0000 0.0000
0.0000 0.0000
0.0000 0.0000
0.0000 0.0000
0.0000 0.0000
0.0000 0.0000
0.0000 0.0000
0.0000 0.0000
0.0000 0.0000
6.0126 -17.2875
-5.4638 7.0288
0.0000 0.0000
0.0000 0.0000
6.8572 -1.0210
0.0000 0.0000
-1.9583 5.5236
-10.7865 6.8087
-11.1789 -7.6421
0.0000 0.0000
0.0000 0.0000
0.0000 0.0000
0.0000 0.0000
0.0000 0.0000
-1.9958 -0.4450
0.0000 0.0000
0.0000 0.0000
0.0000 0.0000
0.0000 0.0000
7.6574 -1.3147
0.0000 0.0000
11.2724 13.8246
0.0000 0.0000
0.0000 0.0000
0.0000 0.0000
0.0000 0.0000
3.4715 6.8834
-2.1678 -2.7943
0.0000 0.0000
0.0000 0.0000
0.0000 0.0000
1.2627 12.3086
15.9923 -10.1919
0.0000 0.0000
5.3057 -4.5887
0.0000 0.0000
0.0000 0.0000
0.0000 0.0000
8.2264 6.5546
0.0000 0.0000
0.0000 0.0000
-4.0152 -8.0388
0.0000 0.0000
0.5801 8.5486
0.0000 0.0000
0.0000 0.0000
0.0000 0.0000
2.9573 -13.6447
0.0000 0.0000
2.4128 7.3263
0.0000 0.0000
6.8261 3.4783
0.0000 0.0000
0.0000 0.0000
0.0000 0.0000
-5.4854 14.4808
0.0000 0.0000
0.0000 0.0000
0.0000 0.0000
-8.6580 2.2594
0.0000 0.0000
5.3457 -2.8192
1.3419 0.4516
13.7940 5.1185
0.0000 0.0000
0.0000 0.0000
0.0000 0.0000
0.0000 0.0000
0.0000 0.0000
0.0000 0.0000
0.0000 0.0000
3.8469 10.9168
0.0000 0.0000
0.0000 0.0000
0.0000 0.0000
0.0000 0.0000
2.8554 7.4385
0.0000 0.0000
0.0000 0.0000
0.0000 0.0000
0.0000 0.0000
0.0000 0.0000
0.2327 3.2327
0.0000 0.0000
0.0000 0.0000
0.0000 0.0000
0.0000 0.0000
10.3333 13.3333
0.0000 0.0000
0.0000 0.0000
0.0000 0.0000
0.0000 0.0000
0.0000 0.0000
0.0000 0.0000
0.0000 0.0000
0.0000 0.0000
-12.7324 6.0113
0.0000 0.0000
0.0000 0.0000
0.0000 0.0000
0.0000 0.0000
0.0000 0.0000
0.0000 0.0000
1.5000 -0.6250
0.0000 0.0000
0.0000 0.0000
0.0000 0.0000
0.0000 0.0000
10.3460 3.8784
0.0000 0.0000
0.0000 0.0000
0.0000 0.0000
0.0000 0.0000
0.0000 0.0000
0.0000 0.0000
0.0000 0.0000
0.0000 0.0000
0.0000 0.0000
0.0000 0.0000
-5.2087 -3.8822
0.0000 0.0000
7.1220 -0.5337
0.0000 0.0000
0.0000 0.0000
0.0000 0.0000
0.0000 0.0000
0.0000 0.0000
0.0000 0.0000
7.4543 -7.6180
0.0000 0.0000
-15.2200 11.6477
-6.7191 -6.0787
5.1120 -4.2708
0.0000 0.0000
0.0000 0.0000
0.0000 0.0000
0.0000 0.0000
0.0000 0.0000
0.0000 0.0000
0.0000 0.0000
0.0000 0.0000
0.0000 0.0000
2.8307 11.4366
-2.4890 -5.1609
0.0000 0.0000
-12.5120 -15.6247
0.0000 0.0000
0.0000 0.0000
0.0000 0.0000
0.0000 0.0000
0.0000 0.0000
0.0000 0.0000
0.0000 0.0000
-15.8826 -5.2899
0.0000 0.0000
14.9775 -5.1932
0.0000 0.0000
0.0000 0.0000
0.0000 0.0000
-7.9010 -8.0838
0.0000 0.0000
0.0000 0.0000
0.0000 0.0000
0.0000 0.0000
-8.0492 8.1925
0.0000 0.0000
0.0000 0.0000
0.0000 0.0000
0.0000 0.0000
0.0000 0.0000
14.8275 -4.3711
0.0000 0.0000
0.0000 0.0000
0.0000 0.0000
0.0000 0.0000
0.0000 0.0000
0.0000 0.0000
0.0000 0.0000
0.0000 0.0000
0.0000 0.0000
0.0000 0.0000
0.0000 0.0000
0.0000 0.0000
0.0000 0.0000
0.0000 0.0000
0.0000 0.0000
1.4952 -4.4654
0.0000 0.0000
0.0000 0.0000
0.0000 0.0000
0.0000 0.0000
2.4986 -6.3756
0.0000 0.0000
0.0000 0.0000
0.0000 0.0000
0.0000 0.0000
0.0000 0.0000
0.0000 0.0000
0.0000 0.0000
0.0000 0.0000
0.0000 0.0000
0.0000 0.0000
3.9802 -11.0664
4.7896 15.5358
0.0000 0.0000
0.0000 0.0000
8.3745 0.5737
0.0000 0.0000
-4.0975 4.1691
0.0000 0.0000
0.0000 0.0000
0.0000 0.0000
-5.9979 2.5638
0.0000 0.0000
0.0000 0.0000
0.0000 0.0000
0.0000 0.0000
0.0000 0.0000
0.0000 0.0000
1.6830 2.7032
0.0000 0.0000
1.2113 4.2949
0.0000 0.0000
0.0000 0.0000
0.0000 0.0000
0.0000 0.0000
0.0000 0.0000
3.9163 6.7183
0.0000 0.0000
0.0000 0.0000
0.0000 0.0000
0.0000 0.0000
0.0000 0.0000
0.0000 0.0000
0.0000 0.0000
0.0000 0.0000
1.5977 -4.4414
0.0000 0.0000
0.0000 0.0000
0.0000 0.0000
0.0000 0.0000
-16.6523 -11.3014
0.0000 0.0000
0.0000 0.0000
0.0000 0.0000
0.0000 0.0000
3.4286 -3.2857
-0.6804 7.0437
0.0000 0.0000
0.0000 0.0000
0.0000 0.0000
0.0000 0.0000
-13.5326 -2.9450
0.0000 0.0000
0.0000 0.0000
0.0000 0.0000
0.0000 0.0000
0.0000 0.0000
0.0000 0.0000
0.0000 0.0000
6.5465 9.7393
0.0000 0.0000
0.0000 0.0000
5.1504 12.5345
0.0000 0.0000
0.0000 0.0000
11.4282 12.0914
9.1325 0.6848
-7.4944 -0.9108
0.0000 0.0000
0.0000 0.0000
0.0000 0.0000
0.0000 0.0000
0.0000 0.0000
0.0000 0.0000
0.0000 0.0000
3.4735 -12.0365
0.0000 0.0000
0.0000 0.0000
0.0000 0.0000
0.0000 0.0000
0.0000 0.0000
5.7330 4.7986
0.0000 0.0000
-1.0000 -2.0000
0.0000 0.0000
0.0000 0.0000
0.0000 0.0000
0.0000 0.0000
0.0000 0.0000
0.0000 0.0000
0.0000 0.0000
5.2593 4.4986
0.0000 0.0000
10.6746 5.9814
0.0000 0.0000
0.0000 0.0000
0.0000 0.0000
0.0000 0.0000
-5.8213 10.0649
0.0000 0.0000
0.0000 0.0000
0.9783 -4.6795
0.0000 0.0000
0.0000 0.0000
5.4532 4.1763
1.2857 0.0000
0.0000 0.0000
0.0000 0.0000
0.0000 0.0000
0.0000 0.0000
0.0000 0.0000
0.0000 0.0000
0.0000 0.0000
2.4519 6.0775
0.0000 0.0000
0.0000 0.0000
0.0000 0.0000
-0.5955 -5.1341
0.0000 0.0000
0.0000 0.0000
0.0000 0.0000
-8.4534 0.0758
13.8989 3.1120
0.0000 0.0000
0.0000 0.0000
0.0000 0.0000
0.0000 0.0000
0.0000 0.0000
0.0000 0.0000
-12.1958 12.5133
0.0000 0.0000
0.0000 0.0000
0.0000 0.0000
-6.4630 9.1006
0.0000 0.0000
0.0000 0.0000
0.0000 0.0000
-2.2522 -4.8748
0.0000 0.0000
0.0000 0.0000
0.0000 0.0000
5.7130 -0.9461
0.0000 0.0000
0.0000 0.0000
6.1766 4.6414
0.0000 0.0000
0.0000 0.0000
0.0000 0.0000
-10.6048 -14.6590
0.0000 0.0000
0.0000 0.0000
0.0000 0.0000
0.0000 0.0000
0.0000 0.0000
0.0000 0.0000
0.0000 0.0000
0.0000 0.0000
0.0000 0.0000
0.0000 0.0000
0.0000 0.0000
0.0000 0.0000
0.0000 0.0000
-4.7268 -7.4653
0.0000 0.0000
-5.8733 8.1498
0.0000 0.0000
0.0000 0.0000
-4.4589 6.3699
1.5448 -2.0489
0.0000 0.0000
0.0000 0.0000
0.0000 0.0000
0.0000 0.0000
0.0000 0.0000
-8.4560 2.8198
0.0000 0.0000
0.0000 0.0000
0.0000 0.0000
0.0000 0.0000
0.0000 0.0000
0.0000 0.0000
0.0000 0.0000
0.0000 0.0000
-7.9308 13.0526
0.0000 0.0000
0.0000 0.0000
13.0223 4.8676
0.0000 0.0000
6.9442 -3.1301
0.0000 0.0000
0.0000 0.0000
-1.0953 -0.9237
0.0000 0.0000
0.0000 0.0000
0.0000 0.0000
-14.1117 -11.2007
0.0000 0.0000
0.0000 0.0000
0.0000 0.0000
0.0000 0.0000
-9.6634 6.6676
1.0293 -14.0000
0.0000 0.0000
0.0000 0.0000
0.0000 0.0000
0.0000 0.0000
0.0000 0.0000
0.0000 0.0000
0.0000 0.0000
2.2008 9.4289
0.0000 0.0000
0.0000 0.0000
0.0000 0.0000
0.0000 0.0000
0.0000 0.0000
0.0000 0.0000
0.0000 0.0000
0.0000 0.0000
0.0000 0.0000
0.0000 0.0000
2.1116 -5.4121
-1.4074 0.7587
0.0000 0.0000
0.0000 0.0000
0.0000 0.0000
0.0000 0.0000
0.0000 0.0000
0.0000 0.0000
-4.9645 -3.5187
-5.4717 1.0580
0.0000 0.0000
-11.4474 2.5461
-6.8538 -7.6550
0.0000 0.0000
0.0000 0.0000
0.0000 0.0000
0.0000 0.0000
0.0000 0.0000
0.0000 0.0000
2.1010 3.8990
0.0000 0.0000
6.2032 6.7666
0.0000 0.0000
-8.5204 9.3562
0.0000 0.0000
6.9016 12.3909
0.2655 -3.5517
0.0000 0.0000
-2.2819 3.5459
0.0000 0.0000
0.0000 0.0000
0.0000 0.0000
0.0000 0.0000
0.0000 0.0000
0.0000 0.0000
0.0000 0.0000
0.0000 0.0000
0.0000 0.0000
12.5210 4.0268
0.0000 0.0000
0.0000 0.0000
0.0000 0.0000
0.0000 0.0000
0.0000 0.0000
3.5250 -4.1900
0.0000 0.0000
0.0000 0.0000
0.0000 0.0000
-1.4351 2.2944
0.0000 0.0000
0.0000 0.0000
-14.9378 7.2818
1.4843 5.8700
0.0000 0.0000
0.0000 0.0000
-2.4880 5.8122
0.0000 0.0000
0.0000 0.0000
0.0000 0.0000
0.0000 0.0000
0.0000 0.0000
0.0000 0.0000
0.0000 0.0000
-8.5612 -1.7863
0.0000 0.0000
0.0000 0.0000
0.0000 0.0000
0.0000 0.0000
0.0000 0.0000
-2.5754 3.1934
0.0000 0.0000
0.0000 0.0000
-8.0286 14.6514
7.4736 -6.9757
0.0000 0.0000
0.0000 0.0000
0.0000 0.0000
0.0000 0.0000
5.1880 -2.2196
0.0000 0.0000
0.0000 0.0000
0.0000 0.0000
0.0000 0.0000
14.4501 15.0290
0.0000 0.0000
0.0000 0.0000
0.0000 0.0000
0.0000 0.0000
8.3808 4.7879
0.0000 0.0000
0.0000 0.0000
-0.8943 -2.6580
0.0000 0.0000
0.0000 0.0000
4.5139 9.4951
0.0000 0.0000
0.0000 0.0000
0.5530 -10.0430
0.0000 0.0000
0.0000 0.0000
0.0000 0.0000
0.0000 0.0000
0.0000 0.0000
0.0000 0.0000
0.0000 0.0000
7.3222 6.6234
0.0000 0.0000
0.0000 0.0000
0.0000 0.0000
0.0000 0.0000
0.0000 0.0000
0.0000 0.0000
0.0000 0.0000
13.4719 11.9034
0.0000 0.0000
-4.0000 10.2112
0.0000 0.0000
0.0000 0.0000
6.2892 0.5996
0.0000 0.0000
0.0000 0.0000
0.0000 0.0000
0.0000 0.0000
-10.5582 1.2838
0.0000 0.0000
0.0000 0.0000
0.0000 0.0000
0.0000 0.0000
0.0000 0.0000
0.0000 0.0000
-5.6706 5.9246
0.0000 0.0000
0.0000 0.0000
-7.7055 -0.9605
-4.7123 -5.6565
0.0000 0.0000
0.0000 0.0000
0.0000 0.0000
0.0000 0.0000
0.0000 0.0000
0.0000 0.0000
0.0000 0.0000
0.0000 0.0000
0.0000 0.0000
0.7248 9.3784
0.0000 0.0000
0.0000 0.0000
0.0000 0.0000
9.9727 5.1067
0.0000 0.0000
0.0000 0.0000
0.0000 0.0000
0.0000 0.0000
0.0000 0.0000
0.0000 0.0000
0.0000 0.0000
0.0000 0.0000
0.0000 0.0000
0.0000 0.0000
0.0000 0.0000
0.0000 0.0000
0.0000 0.0000
16.1698 -4.1825
0.0000 0.0000
0.0000 0.0000
0.0000 0.0000
0.0000 0.0000
0.0000 0.0000
9.6421 3.5473
0.0000 0.0000
0.0000 0.0000
0.0000 0.0000
0.0000 0.0000
4.3022 -11.3716
0.0000 0.0000
0.0000 0.0000
0.0000 0.0000
0.0000 0.0000
0.0000 0.0000
0.0000 0.0000
0.0000 0.0000
0.0000 0.0000
0.0000 0.0000
0.0000 0.0000
0.0000 0.0000
10.6380 3.9568
0.0000 0.0000
0.0000 0.0000
2.9574 -17.8617
0.0000 0.0000
0.0000 0.0000
-7.8978 -5.5611
0.0000 0.0000
0.0000 0.0000
0.0000 0.0000
0.0000 0.0000
0.0000 0.0000
2.7147 5.0234
3.4524 1.0636
-6.9794 2.1550
0.0000 0.0000
-12.7830 2.0349
0.0000 0.0000
0.0000 0.0000
0.0000 0.0000
0.0000 0.0000
0.0000 0.0000
0.0000 0.0000
0.0000 0.0000
-11.5478 6.9667
0.0000 0.0000
0.0000 0.0000
0.0000 0.0000
0.0000 0.0000
0.0000 0.0000
0.0000 0.0000
0.0000 0.0000
0.0000 0.0000
2.7929 -3.2848
0.0000 0.0000
0.0000 0.0000
0.0000 0.0000
0.0000 0.0000
0.0000 0.0000
0.0000 0.0000
0.0000 0.0000
0.0000 0.0000
-4.9757 -6.1990
0.0000 0.0000
8.9104 5.6419
0.0000 0.0000
0.0000 0.0000
0.0000 0.0000
0.0000 0.0000
-1.8785 1.4975
0.0000 0.0000
0.0000 0.0000
0.0000 0.0000
3.3170 -0.3535
4.9795 5.5723
0.0000 0.0000
0.0000 0.0000
-6.1283 -1.8899
0.0000 0.0000
0.0000 0.0000
0.0000 0.0000
0.0000 0.0000
3.2682 10.3404
-9.5615 0.8335
0.2500 5.5412
-10.8403 6.0942
8.5048 10.6953
0.0000 0.0000
0.0000 0.0000
0.0000 0.0000
0.0000 0.0000
0.0000 0.0000
0.0000 0.0000
0.0000 0.0000
0.0000 0.0000
0.0000 0.0000
0.0000 0.0000
0.0000 0.0000
-5.4577 10.2193
0.9863 4.1013
0.0000 0.0000
0.0000 0.0000
4.4075 -7.0771
-14.5778 8.0975
0.0000 0.0000
0.0000 0.0000
0.0000 0.0000
0.0000 0.0000
0.0000 0.0000
0.0000 0.0000
0.0000 0.0000
-5.3602 -10.3929
-3.3010 2.9051
0.0000 0.0000
0.0000 0.0000
0.0000 0.0000
9.9508 17.0367
0.0000 0.0000
0.0000 0.0000
0.0000 0.0000
2.8849 2.4323
0.0000 0.0000
0.0000 0.0000
0.0000 0.0000
0.0000 0.0000
0.0000 0.0000
0.0000 0.0000
0.0000 0.0000
12.3832 17.0605
14.5178 -5.9650
0.0000 0.0000
0.0000 0.0000
0.0000 0.0000
0.0000 0.0000
0.0000 0.0000
0.0000 0.0000
0.0000 0.0000
0.0000 0.0000
0.0000 0.0000
0.0000 0.0000
0.0000 0.0000
0.0000 0.0000
0.0000 0.0000
0.0000 0.0000
0.0000 0.0000
-1.2580 -0.9650
0.0000 0.0000
2.9709 -5.7267
-4.3255 4.0723
0.0000 0.0000
0.0000 0.0000
0.0000 0.0000
0.0000 0.0000
0.1320 -0.8141
3.5067 9.4393
0.0000 0.0000
0.0000 0.0000
0.0000 0.0000
0.0000 0.0000
5.0188 -0.8331
9.6046 1.3681
0.8597 -1.0925
0.0000 0.0000
7.5350 2.3631
0.0000 0.0000
0.0000 0.0000
0.0000 0.0000
0.0000 0.0000
0.0000 0.0000
0.0000 0.0000
1.5233 7.9183
0.0000 0.0000
0.0000 0.0000
0.0000 0.0000
10.9563 -5.1360
0.0000 0.0000
0.0000 0.0000
0.0000 0.0000
-8.2313 -6.6490
0.0000 0.0000
0.0000 0.0000
0.0000 0.0000
-9.0740 3.5583
0.0000 0.0000
0.0000 0.0000
0.0000 0.0000
0.0000 0.0000
0.0000 0.0000
0.0000 0.0000
0.0000 0.0000
0.0000 0.0000
0.0000 0.0000
0.0000 0.0000
0.0000 0.0000
0.0000 0.0000
0.0000 0.0000
0.0000 0.0000
0.0000 0.0000
0.0000 0.0000
0.0000 0.0000
0.0000 0.0000
1.8282 5.8211
0.0453 8.2189
0.0000 0.0000
-8.6723 0.2127
0.0000 0.0000
0.0000 0.0000
-7.1572 -10.7874
0.0000 0.0000
0.0000 0.0000
-9.0203 -6.5396
0.0000 0.0000
0.0000 0.0000
-2.2427 -11.2049
0.0000 0.0000
0.0000 0.0000
0.0000 0.0000
0.0000 0.0000
0.0000 0.0000
0.0000 0.0000
0.0000 0.0000
0.0000 0.0000
9.9386 -5.9713
0.0000 0.0000
0.0000 0.0000
0.0332 -5.2241
0.0000 0.0000
0.0000 0.0000
0.0000 0.0000
0.0000 0.0000
0.0000 0.0000
0.0000 0.0000
2.5108 11.6938
0.4103 -7.6146
-12.8248 4.3836
0.0000 0.0000
-0.9879 -9.0039
-2.0466 0.6324
-6.1239 -2.9239
0.0000 0.0000
0.0000 0.0000
0.0000 0.0000
0.0000 0.0000
0.0000 0.0000
7.1220 -6.1881
5.7574 -9.8582
0.0000 0.0000
0.0000 0.0000
0.0000 0.0000
-10.1378 4.4657
0.0000 0.0000
0.0000 0.0000
0.0000 0.0000
0.0000 0.0000
0.0000 0.0000
0.0000 0.0000
12.5334 -5.1442
0.0000 0.0000
0.0000 0.0000
0.0000 0.0000
5.5700 6.0177
-4.0112 7.8429
0.0000 0.0000
0.0000 0.0000
0.0000 0.0000
0.0000 0.0000
0.0000 0.0000
0.0000 0.0000
-1.3142 -13.6347
0.0000 0.0000
0.0000 0.0000
4.2875 -15.5157
0.0000 0.0000
4.5424 -5.6455
1.9172 0.8774
0.0000 0.0000
-8.1658 -5.6829
0.0000 0.0000
0.0000 0.0000
5.5047 4.2306
0.0000 0.0000
0.0000 0.0000
0.0000 0.0000
0.0000 0.0000
0.0000 0.0000
-9.7375 6.4279
0.0000 0.0000
0.0000 0.0000
0.0000 0.0000
0.0000 0.0000
0.0000 0.0000
0.0000 0.0000
0.0000 0.0000
0.0000 0.0000
0.0000 0.0000
0.0000 0.0000
0.0000 0.0000
-2.1406 9.1078
0.0000 0.0000
0.0000 0.0000
0.0000 0.0000
0.0000 0.0000
0.0000 0.0000
0.0000 0.0000
-4.8388 -7.6653
0.0000 0.0000
2.6107 4.3146
0.0000 0.0000
0.0000 0.0000
0.0000 0.0000
-9.3667 -2.1846
0.0000 0.0000
0.0000 0.0000
-2.9982 17.3035
0.0000 0.0000
0.0000 0.0000
0.0000 0.0000
0.0000 0.0000
0.0000 0.0000
0.0000 0.0000
5.1460 1.0915
0.0000 0.0000
0.0000 0.0000
0.0000 0.0000
0.0000 0.0000
0.0000 0.0000
0.0000 0.0000
-1.5764 8.8347
-7.1814 8.7253
0.0000 0.0000
-6.3086 9.5138
0.0000 0.0000
0.0000 0.0000
0.0000 0.0000
0.0000 0.0000
0.0000 0.0000
0.0000 0.0000
0.0000 0.0000
0.0000 0.0000
0.0000 0.0000
0.0000 0.0000
0.0000 0.0000
-11.4536 -15.0819
0.0000 0.0000
0.0000 0.0000
-8.1191 -6.7472
0.0000 0.0000
0.0000 0.0000
0.0000 0.0000
0.0000 0.0000
-8.3768 -9.7826
-9.3677 -5.6861
0.0000 0.0000
0.0000 0.0000
0.0000 0.0000
0.0000 0.0000
5.2237 12.8211
0.0000 0.0000
0.0000 0.0000
0.0000 0.0000
0.0000 0.0000
0.0000 0.0000
0.0000 0.0000
2.6694 -8.0564
0.0000 0.0000
-11.3577 1.6506
0.0000 0.0000
0.0000 0.0000
0.0000 0.0000
0.0000 0.0000
0.0000 0.0000
0.0000 0.0000
0.0000 0.0000
0.0000 0.0000
0.0000 0.0000
0.0000 0.0000
11.4445 -11.2043
0.0000 0.0000
0.0000 0.0000
0.0000 0.0000
0.0000 0.0000
0.0000 0.0000
0.0000 0.0000
0.0000 0.0000
0.0000 0.0000
0.0000 0.0000
0.0000 0.0000
0.0000 0.0000
6.9736 11.3502
0.0000 0.0000
0.0000 0.0000
0.0000 0.0000
0.0000 0.0000
0.0000 0.0000
0.0000 0.0000
0.0000 0.0000
0.0000 0.0000
0.0000 0.0000
0.0000 0.0000
-1.5648 -1.4067
12.3870 -2.5279
0.0000 0.0000
0.0000 0.0000
0.0000 0.0000
0.0000 0.0000
0.0000 0.0000
0.0000 0.0000
0.0000 0.0000
0.0000 0.0000
0.0000 0.0000
-0.5248 6.2425
0.0000 0.0000
0.0000 0.0000
0.0000 0.0000
0.0000 0.0000
0.0000 0.0000
0.0000 0.0000
0.0000 0.0000
2.6227 -12.4376
0.0000 0.0000
6.9834 1.0367
0.0000 0.0000
0.0000 0.0000
7.4743 -1.7578
0.0000 0.0000
0.0000 0.0000
0.0000 0.0000
0.0000 0.0000
0.0000 0.0000
0.0000 0.0000
0.0000 0.0000
-8.4903 -3.1019
0.0000 0.0000
0.0000 0.0000
0.0000 0.0000
0.0000 0.0000
0.0000 0.0000
0.0000 0.0000
6.6383 1.3587
0.0000 0.0000
0.0000 0.0000
0.0000 0.0000
0.0000 0.0000
0.0000 0.0000
9.0818 -2.8076
0.0000 0.0000
0.0000 0.0000
-10.4049 -1.8630
0.0000 0.0000
0.0000 0.0000
-3.4118 -0.4017
0.0000 0.0000
0.0000 0.0000
0.0000 0.0000
0.0000 0.0000
0.0000 0.0000
0.0000 0.0000
0.0000 0.0000
0.0000 0.0000
0.0000 0.0000
0.0000 0.0000
0.0000 0.0000
0.0000 0.0000
-5.1736 -0.2129
0.0000 0.0000
-8.5475 -1.2912
0.0000 0.0000
0.0000 0.0000
-11.1341 -8.8244
0.0000 0.0000
2.2645 1.0418
0.0000 0.0000
-5.6965 5.2850
0.0000 0.0000
0.0000 0.0000
0.0000 0.0000
4.0615 6.9850
0.0000 0.0000
2.3133 14.6862
-1.9702 11.3982
0.0000 0.0000
0.0000 0.0000
0.0000 0.0000
0.0000 0.0000
0.0000 0.0000
6.4888 -8.5251
0.0000 0.0000
0.0000 0.0000
1.3921 7.0768
0.0000 0.0000
0.0000 0.0000
6.1086 -0.0931
0.0000 0.0000
0.0000 0.0000
0.0000 0.0000
-11.8633 -0.7986
0.0000 0.0000
0.0000 0.0000
0.0000 0.0000
-0.7063 1.8724
-1.5290 7.3514
0.0000 0.0000
0.0000 0.0000
0.0000 0.0000
0.0000 0.0000
0.0000 0.0000
0.0000 0.0000
0.0000 0.0000
0.0000 0.0000
0.0000 0.0000
14.6410 -1.9204
0.0000 0.0000
0.0000 0.0000
-2.2198 3.4756
0.0000 0.0000
0.0000 0.0000
8.8533 8.9372
0.0000 0.0000
3.2808 -1.8914
0.0000 0.0000
-9.1800 -4.4958
17.6482 -8.9270
0.0000 0.0000
0.0000 0.0000
0.0000 0.0000
-1.5215 -2.0743
0.0000 0.0000
0.0000 0.0000
-8.5389 -0.0869
0.0000 0.0000
-15.6579 -5.1805
0.0000 0.0000
0.0000 0.0000
0.0000 0.0000
0.0000 0.0000
0.5855 12.5184
0.0000 0.0000
0.0000 0.0000
0.0000 0.0000
0.0000 0.0000
-0.0698 -10.5962
0.0000 0.0000
0.0000 0.0000
0.0000 0.0000
0.0000 0.0000
0.0000 0.0000
0.0000 0.0000
0.0000 0.0000
0.0000 0.0000
-8.7363 12.9182
6.3695 -3.1222
0.0000 0.0000
0.0000 0.0000
0.0000 0.0000
0.0000 0.0000
0.0000 0.0000
0.0000 0.0000
-7.2609 -7.7216
7.3983 -6.7116
0.0000 0.0000
0.0000 0.0000
0.0000 0.0000
0.0000 0.0000
0.0000 0.0000
0.0000 0.0000
-3.3474 -0.2204
0.0000 0.0000
5.6595 2.2803
0.0000 0.0000
0.0000 0.0000
0.0000 0.0000
0.0000 0.0000
0.0000 0.0000
0.0000 0.0000
0.0000 0.0000
-2.3536 6.4705
0.0000 0.0000
3.4099 0.3984
0.0000 0.0000
0.0000 0.0000
0.0000 0.0000
-4.1808 11.3128
0.0000 0.0000
0.0000 0.0000
0.0000 0.0000
6.1103 9.9806
-1.3565 -0.4789
0.0000 0.0000
1.4927 -11.8154
2.3736 6.2385
0.0000 0.0000
0.0000 0.0000
0.0000 0.0000
0.0000 0.0000
0.0000 0.0000
0.0000 0.0000
7.7983 -5.1911
0.0000 0.0000
0.0000 0.0000
0.0000 0.0000
0.0000 0.0000
0.0000 0.0000
0.0000 0.0000
0.0000 0.0000
-6.1418 -4.6099
0.0000 0.0000
-7.1895 16.4407
0.0000 0.0000
0.0000 0.0000
0.0000 0.0000
0.0000 0.0000
0.0000 0.0000
0.0000 0.0000
0.0000 0.0000
0.0000 0.0000
0.0000 0.0000
0.0000 0.0000
0.0000 0.0000
0.0000 0.0000
0.0000 0.0000
0.0000 0.0000
0.0000 0.0000
0.0000 0.0000
-11.6063 11.0975
0.0000 0.0000
0.0000 0.0000
-0.9897 4.7360
10.9970 -5.9892
0.0000 0.0000
0.0000 0.0000
0.0000 0.0000
0.0000 0.0000
0.0000 0.0000
0.0000 0.0000
1.3926 -15.2757
0.0000 0.0000
0.0000 0.0000
0.0000 0.0000
0.0000 0.0000
0.0000 0.0000
0.0000 0.0000
0.0000 0.0000
0.0000 0.0000
0.0000 0.0000
0.0000 0.0000
0.0000 0.0000
0.0000 0.0000
2.7356 0.2081
0.0000 0.0000
0.0000 0.0000
0.0000 0.0000
0.0000 0.0000
0.0000 0.0000
0.0000 0.0000
0.0000 0.0000
0.0000 0.0000
0.0000 0.0000
0.0000 0.0000
0.0000 0.0000
0.0000 0.0000
0.0000 0.0000
0.0000 0.0000
0.0000 0.0000
0.0000 0.0000
0.0000 0.0000
0.0000 0.0000
0.0000 0.0000
0.0000 0.0000
0.0000 0.0000
0.0000 0.0000
0.0000 0.0000
1.5913 -1.4582
0.0000 0.0000
0.0000 0.0000
0.0000 0.0000
4.6715 12.6668
2.4515 -0.3221
0.0000 0.0000
0.0000 0.0000
0.0000 0.0000
0.0000 0.0000
0.0000 0.0000
0.0000 0.0000
11.7101 -7.4179
0.0000 0.0000
0.0000 0.0000
0.0000 0.0000
6.0317 -1.3955
0.0000 0.0000
0.0000 0.0000
0.0000 0.0000
0.0000 0.0000
0.0000 0.0000
0.0000 0.0000
0.0000 0.0000
0.0000 0.0000
0.0000 0.0000
0.0000 0.0000
0.0000 0.0000
0.0000 0.0000
0.0000 0.0000
-1.5590 11.1910
0.0000 0.0000
0.0000 0.0000
0.0000 0.0000
0.0000 0.0000
0.0000 0.0000
0.0000 0.0000
-11.7584 -6.5477
0.0000 0.0000
0.0000 0.0000
0.0000 0.0000
0.0000 0.0000
0.0000 0.0000
0.0000 0.0000
6.6141 -10.3152
0.0000 0.0000
0.0000 0.0000
0.0000 0.0000
0.0000 0.0000
0.0000 0.0000
0.0000 0.0000
0.0000 0.0000
0.0000 0.0000
0.0000 0.0000
-6.0012 -8.1366
4.8856 1.6766
-2.2007 8.0450
0.0000 0.0000
0.0000 0.0000
0.0000 0.0000
0.0000 0.0000
0.0000 0.0000
0.0000 0.0000
-11.3175 8.5474
0.0000 0.0000
0.0000 0.0000
0.0000 0.0000
0.0000 0.0000
0.0000 0.0000
0.0000 0.0000
0.0000 0.0000
0.0000 0.0000
0.0000 0.0000
0.0000 0.0000
0.0000 0.0000
0.0000 0.0000
0.0000 0.0000
0.0000 0.0000
0.0000 0.0000
0.0000 0.0000
0.0000 0.0000
0.0000 0.0000
0.0000 0.0000
6.2117 -15.8570
0.0000 0.0000
0.0000 0.0000
0.0000 0.0000
0.0000 0.0000
0.0000 0.0000
0.0000 0.0000
-1.1028 12.9395
0.0000 0.0000
0.0000 0.0000
2.7021 10.6248
0.0000 0.0000
0.0000 0.0000
0.0000 0.0000
0.0000 0.0000
0.0000 0.0000
0.0000 0.0000
0.0000 0.0000
0.0000 0.0000
0.0000 0.0000
0.0000 0.0000
0.0000 0.0000
0.0000 0.0000
0.0000 0.0000
0.0000 0.0000
0.0000 0.0000
0.0000 0.0000
-0.1391 -6.7492
0.0000 0.0000
0.0000 0.0000
0.0000 0.0000
0.0000 0.0000
14.8453 14.0598
0.0000 0.0000
0.0000 0.0000
0.0000 0.0000
0.0000 0.0000
-10.7472 1.2338
0.0000 0.0000
0.0000 0.0000
0.0000 0.0000
0.0000 0.0000
0.0000 0.0000
0.0000 0.0000
0.0000 0.0000
0.0000 0.0000
0.0000 0.0000
0.0000 0.0000
0.0000 0.0000
-2.4071 0.1932
0.0000 0.0000
-10.7716 -1.2064
0.0000 0.0000
0.0000 0.0000
2.1846 10.9670
0.0000 0.0000
0.0000 0.0000
-4.5564 13.0317
0.0000 0.0000
0.0000 0.0000
0.0000 0.0000
0.0000 0.0000
0.0000 0.0000
-4.5192 -1.9706
0.0000 0.0000
0.0000 0.0000
0.0000 0.0000
0.0000 0.0000
6.9469 1.5324
0.0000 0.0000
-11.3659 4.8715
0.0000 0.0000
0.0000 0.0000
0.0000 0.0000
0.0000 0.0000
0.0000 0.0000
0.0000 0.0000
0.0000 0.0000
0.0000 0.0000
0.0000 0.0000
0.0000 0.0000
0.0000 0.0000
0.0000 0.0000
0.0000 0.0000
0.0000 0.0000
0.0000 0.0000
0.0000 0.0000
0.0000 0.0000
0.0000 0.0000
0.0000 0.0000
0.0000 0.0000
0.0000 0.0000
13.4318 -4.1891
-4.0485 -9.0037
0.0000 0.0000
-9.5295 -2.8150
0.0000 0.0000
0.0000 0.0000
-10.6529 -5.9239
0.0000 0.0000
0.0000 0.0000
0.0000 0.0000
0.0000 0.0000
0.0000 0.0000
-4.2751 12.1460
0.0000 0.0000
0.0000 0.0000
0.0000 0.0000
-2.8837 2.1662
0.0000 0.0000
0.0000 0.0000
0.0000 0.0000
0.0000 0.0000
0.0000 0.0000
0.0000 0.0000
0.0000 0.0000
0.0000 0.0000
0.0000 0.0000
8.7075 1.6127
0.0000 0.0000
0.0000 0.0000
0.0000 0.0000
-1.5946 9.2835
0.0000 0.0000
0.0000 0.0000
3.3971 3.8891
6.4216 -4.5427
0.0000 0.0000
0.0000 0.0000
0.0000 0.0000
0.0000 0.0000
-6.9835 -7.4390
0.0000 0.0000
0.0000 0.0000
0.0000 0.0000
0.0000 0.0000
0.0000 0.0000
0.0000 0.0000
0.0000 0.0000
0.0000 0.0000
0.0000 0.0000
15.7366 -6.5164
2.2126 -15.7697
-2.3190 6.6393
10.3189 2.0664
0.0000 0.0000
0.0000 0.0000
0.0000 0.0000
0.0000 0.0000
0.0000 0.0000
0.0000 0.0000
0.0000 0.0000
0.0000 0.0000
-3.4596 -8.2608
0.0000 0.0000
0.0000 0.0000
0.0000 0.0000
0.0000 0.0000
0.0000 0.0000
5.1129 13.6293
0.0000 0.0000
0.0000 0.0000
0.0000 0.0000
0.0000 0.0000
0.0000 0.0000
0.7891 2.2529
0.9849 10.8586
0.0000 0.0000
0.0000 0.0000
0.0000 0.0000
0.0000 0.0000
6.5874 -9.4864
0.0000 0.0000
0.0000 0.0000
0.0000 0.0000
0.0000 0.0000
-5.1145 4.3216
0.0000 0.0000
0.0000 0.0000
6.5666 -5.6635
0.0000 0.0000
-9.2984 -11.3972
0.8774 3.1279
0.0000 0.0000
0.0000 0.0000
0.0000 0.0000
0.0000 0.0000
0.0000 0.0000
0.0000 0.0000
0.0000 0.0000
0.0000 0.0000
0.0000 0.0000
0.0000 0.0000
0.0000 0.0000
0.0000 0.0000
0.0000 0.0000
0.0000 0.0000
0.0000 0.0000
-11.4018 2.5156
0.0000 0.0000
0.0000 0.0000
0.0000 0.0000
7.0772 7.9437
0.0000 0.0000
0.0000 0.0000
0.0000 0.0000
0.0000 0.0000
-0.5433 11.5669
0.0000 0.0000
0.0000 0.0000
0.0000 0.0000
0.0000 0.0000
0.0000 0.0000
0.0000 0.0000
-0.4092 11.7389
0.0000 0.0000
0.0000 0.0000
0.0000 0.0000
0.0000 0.0000
0.0000 0.0000
0.0000 0.0000
0.0000 0.0000
0.0000 0.0000
-7.6128 -10.2243
0.0000 0.0000
0.0000 0.0000
0.0000 0.0000
0.0000 0.0000
0.0000 0.0000
0.0000 0.0000
0.0000 0.0000
0.0000 0.0000
0.0000 0.0000
0.0000 0.0000
0.0000 0.0000
0.0000 0.0000
0.0000 0.0000
0.0000 0.0000
0.0000 0.0000
0.0000 0.0000
0.0000 0.0000
0.0000 0.0000
0.0000 0.0000
0.0000 0.0000
0.0000 0.0000
0.0000 0.0000
-5.5915 4.8497
3.1538 7.3438
5.4810 7.3471
-9.2339 -6.3084
0.0000 0.0000
0.0000 0.0000
1.9255 0.5236
0.0000 0.0000
0.0000 0.0000
0.0000 0.0000
0.0000 0.0000
0.0000 0.0000
0.0000 0.0000
0.0000 0.0000
-15.2137 7.5359
0.0000 0.0000
0.0000 0.0000
0.0000 0.0000
-7.9986 -8.6851
0.0000 0.0000
0.0000 0.0000
0.0000 0.0000
-3.3743 -2.4010
0.0000 0.0000
0.0000 0.0000
-2.2707 -4.1774
0.0000 0.0000
0.0000 0.0000
0.0000 0.0000
6.8098 10.1755
5.7159 15.1221
0.0000 0.0000
-1.9117 8.9882
0.0000 0.0000
0.0000 0.0000
-0.3685 3.0504
0.0000 0.0000
-0.2822 -4.3500
0.0000 0.0000
0.0000 0.0000
0.0000 0.0000
0.0000 0.0000
0.0000 0.0000
0.0000 0.0000
0.0000 0.0000
0.0000 0.0000
0.0000 0.0000
0.0000 0.0000
0.0000 0.0000
0.0000 0.0000
0.0000 0.0000
0.0000 0.0000
0.0000 0.0000
0.0000 0.0000
0.0000 0.0000
0.0000 0.0000
0.0000 0.0000
0.0000 0.0000
0.0000 0.0000
0.0000 0.0000
0.0000 0.0000
0.0000 0.0000
0.0000 0.0000
0.0000 0.0000
0.0000 0.0000
0.0000 0.0000
0.0000 0.0000
0.0000 0.0000
0.0000 0.0000
-7.0743 -7.1735
0.0000 0.0000
0.0000 0.0000
-5.9665 3.0008
0.0000 0.0000
-17.4714 6.9275
0.0000 0.0000
0.0000 0.0000
0.0000 0.0000
11.0688 7.7084
-3.2115 -8.1053
0.0000 0.0000
0.0000 0.0000
0.0000 0.0000
-7.1679 1.1331
4.3723 -1.5293
0.0000 0.0000
0.0000 0.0000
0.0000 0.0000
0.0000 0.0000
0.0000 0.0000
0.0000 0.0000
0.0000 0.0000
0.0000 0.0000
0.0000 0.0000
0.0000 0.0000
5.4421 1.8996
0.0000 0.0000
0.0000 0.0000
0.0000 0.0000
0.0000 0.0000
1.5624 4.5406
-3.4472 -16.8445
-0.1072 11.6206
0.0000 0.0000
0.0000 0.0000
0.0000 0.0000
0.0000 0.0000
0.0000 0.0000
0.0000 0.0000
-11.4421 -7.3569
-2.1039 15.6644
0.0000 0.0000
0.0000 0.0000
0.0000 0.0000
0.0000 0.0000
0.0000 0.0000
0.0000 0.0000
0.0000 0.0000
-14.2983 -13.7763
0.0000 0.0000
-4.4522 -14.1192
-3.8351 2.3813
0.0000 0.0000
0.0000 0.0000
0.0000 0.0000
0.0000 0.0000
0.0000 0.0000
0.0000 0.0000
0.0000 0.0000
0.0000 0.0000
0.0000 0.0000
0.0000 0.0000
0.0000 0.0000
0.0000 0.0000
0.0000 0.0000
8.3194 -3.7962
0.0000 0.0000
0.0000 0.0000
0.0000 0.0000
-2.0279 7.5932
0.0000 0.0000
0.0000 0.0000
0.0000 0.0000
0.0000 0.0000
0.0000 0.0000
4.4479 10.7217
0.0000 0.0000
0.0000 0.0000
-4.6918 -7.1107
0.0000 0.0000
0.0000 0.0000
0.0000 0.0000
0.0000 0.0000
3.0010 2.8890
0.0000 0.0000
0.0000 0.0000
14.5451 3.4408
0.0000 0.0000
0.0000 0.0000
-1.6140 -3.2210
0.0000 0.0000
0.0000 0.0000
0.0000 0.0000
-0.9808 -9.5767
2.8668 -12.2815
0.0000 0.0000
-8.3364 -5.5941
10.4247 16.2318
0.0000 0.0000
6.8002 -6.1973
0.6415 -2.7011
0.0000 0.0000
0.0000 0.0000
0.0000 0.0000
0.0000 0.0000
0.0000 0.0000
0.0000 0.0000
0.0000 0.0000
0.0000 0.0000
1.3326 9.7559
0.0000 0.0000
4.6977 -6.2628
0.0000 0.0000
0.0000 0.0000
0.0000 0.0000
0.0000 0.0000
0.0000 0.0000
0.0000 0.0000
0.0000 0.0000
0.0000 0.0000
0.0000 0.0000
0.0000 0.0000
0.0000 0.0000
0.0000 0.0000
0.0000 0.0000
0.0000 0.0000
0.0000 0.0000
0.0000 0.0000
0.0000 0.0000
0.0000 0.0000
7.5116 2.6714
5.1226 5.7233
7.3079 10.6046
0.0000 0.0000
0.0000 0.0000
0.0000 0.0000
0.0000 0.0000
0.0000 0.0000
0.0000 0.0000
0.0000 0.0000
0.0000 0.0000
0.0000 0.0000
0.0000 0.0000
-3.6000 -5.0898
0.0000 0.0000
0.0000 0.0000
0.0000 0.0000
0.0000 0.0000
12.4718 13.6845
0.0000 0.0000
2.2692 -9.9770
0.0000 0.0000
0.0000 0.0000
0.0000 0.0000
0.0000 0.0000
8.2634 -2.3938
0.0000 0.0000
3.5419 16.5616
0.0000 0.0000
0.0000 0.0000
0.0000 0.0000
0.0000 0.0000
0.0000 0.0000
0.0000 0.0000
0.0000 0.0000
0.0000 0.0000
10.2717 -3.6214
2.2985 5.1642
0.0000 0.0000
0.0000 0.0000
-6.0000 -14.4444
0.0000 0.0000
-1.4286 1.2857
0.0000 0.0000
-4.6799 10.2581
0.0000 0.0000
11.0099 -4.6403
0.0000 0.0000
0.0000 0.0000
-3.8235 5.7647
0.0000 0.0000
4.4737 -4.1053
0.0000 0.0000
0.3280 5.7351
0.0000 0.0000
0.0000 0.0000
0.0000 0.0000
0.0000 0.0000
-8.7317 -0.7805
13.3150 9.2893
0.0000 0.0000
0.0000 0.0000
0.0000 0.0000
0.0000 0.0000
0.0000 0.0000
0.0000 0.0000
0.0000 0.0000
0.0000 0.0000
0.0000 0.0000
0.0000 0.0000
0.0000 0.0000
0.0000 0.0000
0.0000 0.0000
0.0000 0.0000
0.0000 0.0000
0.0000 0.0000
-7.0000 -13.1429
0.0000 0.0000
0.0000 0.0000
0.0000 0.0000
7.1062 13.6372
5.6818 4.6591
0.0000 0.0000
0.0000 0.0000
0.0000 0.0000
0.0000 0.0000
0.0000 0.0000
0.0000 0.0000
0.0000 0.0000
0.0000 0.0000
0.0000 0.0000
0.0000 0.0000
0.0000 0.0000
-9.8592 6.0614
0.0000 0.0000
-8.6842 6.4386
0.0000 0.0000
0.0000 0.0000
0.0000 0.0000
0.0000 0.0000
0.0000 0.0000
0.0000 0.0000
0.0000 0.0000
0.0000 0.0000
0.0000 0.0000
-0.4704 -11.3022
0.0000 0.0000
-12.2078 11.1608
0.0000 0.0000
0.0000 0.0000
-1.9189 -3.6486
0.0000 0.0000
0.0000 0.0000
0.0000 0.0000
0.0000 0.0000
0.0000 0.0000
0.0000 0.0000
0.0000 0.0000
0.0000 0.0000
0.0000 0.0000
0.0000 0.0000
-1.5472 4.3208
0.0000 0.0000
17.1468 17.9455
0.0000 0.0000
6.9298 -4.2456
0.0000 0.0000
0.0000 0.0000
12.3333 2.0000
0.0000 0.0000
-7.1782 1.7082
0.0000 0.0000
-3.6667 5.0000
0.0000 0.0000
0.0000 0.0000
0.0000 0.0000
0.0000 0.0000
7.1321 6.8679
0.0000 0.0000
0.0000 0.0000
14.7250 12.9875
0.0000 0.0000
-9.0331 -1.3929
0.0000 0.0000
0.0000 0.0000
-7.1831 11.0699
0.0000 0.0000
-2.7500 8.9167
0.0000 0.0000
6.0000 5.6000
0.0000 0.0000
0.0000 0.0000
-2.7471 6.6290
0.0000 0.0000
0.0000 0.0000
0.0000 0.0000
0.0000 0.0000
0.0000 0.0000
0.0000 0.0000
0.0000 0.0000
0.0000 0.0000
0.0000 0.0000
10.7322 -4.2851
0.0000 0.0000
0.0000 0.0000
0.0000 0.0000
-5.6654 8.6417
0.0000 0.0000
0.0000 0.0000
0.0000 0.0000
0.0000 0.0000
0.0000 0.0000
0.0000 0.0000
0.0000 0.0000
-6.9375 -6.0714
14.0488 -2.8049
-10.9600 9.4400
0.0000 0.0000
1.1207 1.5690
0.0000 0.0000
0.0000 0.0000
0.0000 0.0000
0.0000 0.0000
0.0000 0.0000
0.0000 0.0000
-1.5085 -13.2034
0.0000 0.0000
0.0000 0.0000
0.0000 0.0000
-4.2124 0.4719
0.0000 0.0000
0.0000 0.0000
0.0000 0.0000
0.0000 0.0000
0.0000 0.0000
0.0000 0.0000
0.0000 0.0000
0.0000 0.0000
0.0000 0.0000
0.0000 0.0000
0.0000 0.0000
0.0000 0.0000
-3.5000 -0.5000
0.0000 0.0000
0.0000 0.0000
0.0000 0.0000
-4.0460 -4.7011
0.0000 0.0000
0.0000 0.0000
0.0000 0.0000
0.0000 0.0000
0.0000 0.0000
-6.5793 4.4345
0.0000 0.0000
0.0000 0.0000
0.0000 0.0000
0.0000 0.0000
0.0000 0.0000
0.0000 0.0000
0.0000 0.0000
0.0000 0.0000
0.0000 0.0000
0.0000 0.0000
0.0000 0.0000
4.9258 7.3419
0.0000 0.0000
-6.8298 -0.6809
0.0000 0.0000
0.0000 0.0000
0.0000 0.0000
0.0000 0.0000
0.0000 0.0000
0.0000 0.0000
0.0000 0.0000
-6.0000 4.0000
4.7799 3.0569
-6.6911 -7.2614
-9.4286 1.1429
-2.1385 -3.5316
0.0000 0.0000
0.0000 0.0000
0.0000 0.0000
0.0000 0.0000
0.0000 0.0000
0.0000 0.0000
0.0000 0.0000
5.9152 -1.9470
0.0000 0.0000
0.0000 0.0000
0.0000 0.0000
0.0000 0.0000
0.0000 0.0000
0.0000 0.0000
12.4706 0.2941
0.0000 0.0000
0.0000 0.0000
0.0000 0.0000
0.0000 0.0000
0.0000 0.0000
0.0000 0.0000
0.0000 0.0000
0.0000 0.0000
10.8824 0.0196
0.0000 0.0000
-7.1041 -1.2534
0.0000 0.0000
0.0000 0.0000
-1.8576 -1.3181
0.0000 0.0000
0.0000 0.0000
0.0000 0.0000
0.0000 0.0000
0.0000 0.0000
0.0000 0.0000
0.0000 0.0000
0.0000 0.0000
0.0000 0.0000
6.1032 -9.2317
0.0000 0.0000
0.0000 0.0000
0.0000 0.0000
0.0000 0.0000
-4.7086 8.6857
0.0000 0.0000
0.0000 -9.2000
0.0000 0.0000
0.0000 0.0000
0.0000 0.0000
0.0000 0.0000
0.0000 0.0000
-8.5258 1.5985
0.0000 0.0000
1.6111 9.7024
0.0000 0.0000
0.0000 0.0000
0.0000 0.0000
0.0000 0.0000
0.0000 0.0000
0.0000 0.0000
0.0000 0.0000
3.5894 -7.4249
0.0000 0.0000
-3.9543 8.7620
0.0000 0.0000
0.0000 0.0000
0.0000 0.0000
0.0000 0.0000
0.0000 0.0000
0.0000 0.0000
-6.5600 0.8400
2.6262 -6.7383
0.0000 0.0000
0.0000 0.0000
0.0000 0.0000
0.0000 0.0000
0.0000 0.0000
0.0000 0.0000
0.0000 0.0000
0.0000 0.0000
0.0000 0.0000
0.0000 0.0000
0.0000 0.0000
0.0000 0.0000
0.0000 0.0000
0.0000 0.0000
6.9649 5.9474
12.1946 -2.1810
0.0000 0.0000
0.0000 0.0000
0.0000 0.0000
7.5625 -5.7917
0.0000 0.0000
0.0000 0.0000
0.0000 0.0000
8.4201 9.6746
0.0000 0.0000
0.0000 0.0000
0.0000 0.0000
0.0000 0.0000
0.0000 0.0000
0.0000 0.0000
-1.6574 16.1092
0.0000 0.0000
0.0000 0.0000
0.0000 0.0000
0.0000 0.0000
0.0000 0.0000
0.0000 0.0000
0.0000 0.0000
0.0000 0.0000
0.0000 0.0000
-7.7857 -6.2143
0.0000 0.0000
0.0000 0.0000
-2.2143 -1.6071
9.5723 -1.7822
0.0000 0.0000
0.0000 0.0000
0.0000 0.0000
0.0000 0.0000
0.0000 0.0000
0.0000 0.0000
0.0000 0.0000
0.0000 0.0000
0.0000 0.0000
-1.1570 4.4463
0.0000 0.0000
0.0000 0.0000
0.0000 0.0000
0.0000 0.0000
0.0000 0.0000
0.0000 0.0000
0.0000 0.0000
0.0000 0.0000
0.0000 0.0000
0.0000 0.0000
0.0000 0.0000
0.0000 0.0000
9.4483 8.1724
0.0000 0.0000
0.0000 0.0000
0.0000 0.0000
0.0000 0.0000
0.0000 0.0000
0.0000 0.0000
9.8199 -8.8544
0.0000 0.0000
3.7980 6.0837
0.0000 0.0000
0.0000 0.0000
0.0000 0.0000
0.0000 0.0000
-1.1259 -8.9446
0.0000 0.0000
0.0000 0.0000
1.2286 -4.0000
5.0000 11.0000
8.5600 -6.0240
0.0000 0.0000
-9.3043 5.0000
0.0000 0.0000
0.0000 0.0000
0.0000 0.0000
-4.0205 3.7466
0.0000 0.0000
0.0000 0.0000
0.0000 0.0000
0.0000 0.0000
0.0000 0.0000
0.0000 0.0000
0.0000 0.0000
0.0000 0.0000
0.0000 0.0000
3.0851 0.9787
0.0000 0.0000
0.0000 0.0000
0.0000 0.0000
0.0000 0.0000
0.0000 0.0000
0.0000 0.0000
0.0000 0.0000
0.0000 0.0000
2.2401 1.5030
-3.3308 -2.9398
0.0000 0.0000
0.0000 0.0000
0.0000 0.0000
0.0000 0.0000
-10.9419 -8.7806
-0.4843 7.8655
0.0000 0.0000
0.5133 -5.3274
-9.1304 6.1739
-2.2326 7.0233
0.0000 0.0000
0.0000 0.0000
-7.9647 0.2941
11.2025 -17.5153
0.0000 0.0000
7.2459 7.5414
0.0000 0.0000
0.0000 0.0000
0.0000 0.0000
0.0000 0.0000
0.0000 0.0000
14.6721 5.1967
-11.7383 0.8411
0.0000 0.0000
0.0000 0.0000
0.0000 0.0000
0.0000 0.0000
0.0000 0.0000
0.0000 0.0000
0.0000 0.0000
0.0000 0.0000
1.9833 -12.4975
0.0000 0.0000
0.0000 0.0000
0.0000 0.0000
1.4094 -2.9664
0.0000 0.0000
0.0000 0.0000
0.0000 0.0000
0.0000 0.0000
0.0000 0.0000
0.0000 0.0000
0.0000 0.0000
0.0000 0.0000
0.0000 0.0000
0.0000 0.0000
0.0000 0.0000
0.0000 0.0000
0.0000 0.0000
0.0000 0.0000
2.3214 -3.3214
0.0000 0.0000
0.0000 0.0000
0.0000 0.0000
0.0000 0.0000
0.0000 0.0000
-5.4159 1.8283
0.0000 0.0000
8.0270 -7.4054
0.0000 0.0000
-1.1724 6.2759
2.0455 11.8409
-5.4326 -8.1581
0.0000 0.0000
0.0000 0.0000
0.0000 0.0000
0.0000 0.0000
0.0000 0.0000
0.0000 0.0000
0.0000 0.0000
0.0000 0.0000
0.0000 0.0000
0.0000 0.0000
0.0000 0.0000
0.0000 0.0000
-3.0359 -6.9521
0.0000 0.0000
0.0000 0.0000
0.0000 0.0000
0.0000 0.0000
0.0000 0.0000
0.0000 0.0000
0.0000 0.0000
11.4276 7.2756
0.0000 0.0000
13.5537 16.8471
0.0000 0.0000
-9.5714 3.5714
0.0000 0.0000
0.0000 0.0000
0.0000 0.0000
0.0000 0.0000
0.0000 0.0000
0.0000 0.0000
3.9286 3.5302
7.0180 -11.9730
-4.6923 6.9744
0.0000 0.0000
0.0000 0.0000
0.0000 0.0000
0.0000 0.0000
0.0000 0.0000
0.0000 0.0000
0.0000 0.0000
0.0000 0.0000
0.0000 0.0000
-6.3158 6.5263
0.0000 0.0000
-7.2320 -0.6240
0.0000 0.0000
5.3509 3.7895
0.0000 0.0000
0.0000 0.0000
0.0000 0.0000
10.1089 -1.6832
16.1579 18.7895
0.0000 0.0000
0.0000 0.0000
0.0000 0.0000
0.0000 0.0000
0.0000 0.0000
0.0000 0.0000
0.0000 0.0000
0.0000 0.0000
0.0000 0.0000
0.0000 0.0000
0.0000 0.0000
0.0000 0.0000
0.0000 0.0000
0.0000 0.0000
0.0000 0.0000
0.0000 0.0000
0.0000 0.0000
-0.6250 -0.9375
0.0000 0.0000
-8.0230 10.8161
6.5505 2.4128
0.0000 0.0000
0.0000 0.0000
0.0000 0.0000
0.0000 0.0000
0.0000 0.0000
0.0000 0.0000
0.0000 0.0000
0.0000 0.0000
0.0000 0.0000
-8.4472 -15.2484
0.0000 0.0000
0.0000 0.0000
0.0000 0.0000
17.0000 4.0000
0.0000 0.0000
0.0000 0.0000
0.0000 0.0000
2.2683 -12.5122
-3.3792 -15.0671
0.0000 0.0000
0.0000 0.0000
0.0000 0.0000
0.0000 0.0000
0.0000 0.0000
0.0000 0.0000
0.0000 0.0000
0.0000 0.0000
0.0000 0.0000
0.0000 0.0000
0.0000 0.0000
0.0000 0.0000
-1.2982 0.9561
0.0000 0.0000
0.0000 0.0000
0.0000 0.0000
9.6129 -10.2903
0.0000 0.0000
-0.7070 -8.5581
0.0000 0.0000
0.0000 0.0000
0.0000 0.0000
0.0000 0.0000
0.0000 0.0000
0.0000 0.0000
-5.1881 2.3045
-1.2347 -5.1383
0.0000 0.0000
0.0000 0.0000
0.0000 0.0000
0.0000 0.0000
-17.7097 -2.3226
-7.6703 3.8242
0.0000 0.0000
0.0000 0.0000
8.8741 -0.5594
0.0000 0.0000
-3.3059 5.7254
0.0000 0.0000
0.0000 0.0000
3.0593 3.9237
0.0000 0.0000
0.0000 0.0000
0.0000 0.0000
8.7978 7.6713
-0.8283 8.1515
0.0000 0.0000
0.0000 0.0000
4.8276 3.7241
0.0000 0.0000
0.0000 0.0000
0.0000 0.0000
0.0000 0.0000
0.0000 0.0000
-2.6709 -5.4810
-14.8842 -10.9748
0.0000 0.0000
0.0000 0.0000
0.0000 0.0000
0.0000 0.0000
7.1373 -1.2353
6.1385 0.6885
0.0000 0.0000
0.0000 0.0000
-3.3200 4.0000
0.0000 0.0000
0.0000 0.0000
0.0000 0.0000
0.0000 0.0000
0.0000 0.0000
0.0000 0.0000
0.0000 0.0000
-1.5724 2.2069
0.0000 0.0000
0.0000 0.0000
5.6604 8.9811
-14.7226 -4.1022
0.0000 0.0000
0.0000 0.0000
-14.1111 -7.6111
0.0000 0.0000
0.0000 0.0000
0.0000 0.0000
0.0000 0.0000
0.0000 0.0000
0.0000 0.0000
0.0000 0.0000
0.0000 0.0000
0.0000 0.0000
0.0000 0.0000
0.0000 0.0000
0.0000 0.0000
0.0000 0.0000
0.0000 0.0000
0.0000 0.0000
0.0000 0.0000
12.9818 -8.4606
0.0000 0.0000
1.2857 2.7143
0.0000 0.0000
0.0000 0.0000
0.0000 0.0000
0.0000 0.0000
0.0000 0.0000
0.0000 0.0000
0.0000 0.0000
0.0000 0.0000
0.0000 0.0000
0.0000 0.0000
0.0000 0.0000
2.4426 1.3497
0.0000 0.0000
0.0000 0.0000
0.0000 0.0000
0.0000 0.0000
0.9101 1.1124
1.9384 8.4452
0.0000 0.0000
0.0000 0.0000
0.0000 0.0000
0.0000 0.0000
0.0000 0.0000
0.0000 0.0000
0.0000 0.0000
0.0000 0.0000
15.3735 12.4940
0.0000 0.0000
0.0000 0.0000
0.0000 0.0000
0.0000 0.0000
0.0000 0.0000
0.0000 0.0000
0.4460 1.8993
-9.0177 -5.6713
0.0000 0.0000
0.0000 0.0000
0.0000 0.0000
0.0000 0.0000
-2.9975 1.1570
0.0000 0.0000
-5.8103 0.3527
0.0000 0.0000
3.7984 2.4355
0.0000 0.0000
0.0000 0.0000
0.0000 0.0000
-10.4252 -4.4961
0.0000 0.0000
0.0000 0.0000
13.4377 2.2384
0.0000 0.0000
0.0000 0.0000
0.0000 0.0000
0.0000 0.0000
0.0000 0.0000
0.0000 0.0000
12.8099 4.0083
-0.0357 -5.7607
0.0000 0.0000
0.0000 0.0000
0.0000 0.0000
0.0000 0.0000
15.6246 4.6440
0.0000 0.0000
-9.4839 4.0645
0.0000 0.0000
0.0000 0.0000
0.0000 0.0000
0.0000 0.0000
0.0000 0.0000
0.0000 0.0000
0.0000 0.0000
0.0000 0.0000
0.0000 0.0000
0.0000 0.0000
0.0000 0.0000
0.0000 0.0000
-18.2222 3.7778
12.1589 -1.6355
0.0000 0.0000
0.0000 0.0000
5.0000 7.7143
0.0000 0.0000
0.0000 0.0000
0.0000 0.0000
0.0000 0.0000
0.0000 0.0000
0.0000 0.0000
0.0000 0.0000
0.0000 0.0000
0.0000 0.0000
0.0000 0.0000
0.0000 0.0000
0.0000 0.0000
0.0000 0.0000
0.0000 0.0000
0.0000 0.0000
0.0000 0.0000
0.0000 0.0000
0.0000 0.0000
5.8122 -10.9812
0.0000 0.0000
0.0000 0.0000
0.0000 0.0000
0.0000 0.0000
0.0000 0.0000
0.0000 0.0000
-7.8947 -10.9352
-10.7987 -7.9808
0.0000 0.0000
0.0000 0.0000
0.0000 0.0000
-12.2069 8.2069
0.0000 0.0000
0.0000 0.0000
0.0000 0.0000
14.3548 -1.7849
0.0000 0.0000
0.0000 0.0000
0.0000 0.0000
0.0000 0.0000
0.0000 0.0000
0.0000 0.0000
0.0000 0.0000
0.0000 0.0000
0.0000 0.0000
0.0000 0.0000
-4.3317 15.7539
0.0000 0.0000
0.0000 0.0000
0.0000 0.0000
0.0000 0.0000
0.0000 0.0000
0.0000 0.0000
0.0000 0.0000
0.0000 0.0000
0.0000 0.0000
0.0000 0.0000
-8.5511 -10.3212
0.0000 0.0000
0.0000 0.0000
0.0000 0.0000
0.0000 0.0000
0.0000 0.0000
0.0000 0.0000
0.0000 0.0000
0.0000 0.0000
0.0000 0.0000
0.0000 0.0000
0.0000 0.0000
0.0000 0.0000
0.0000 0.0000
2.8784 -5.0450
-6.7059 -3.5611
0.0000 0.0000
0.0000 0.0000
0.0000 0.0000
0.0000 0.0000
0.0000 0.0000
0.0000 0.0000
0.0000 0.0000
0.0000 0.0000
0.0000 0.0000
0.0000 0.0000
0.0000 0.0000
0.0000 0.0000
0.0000 0.0000
0.0000 0.0000
0.0000 0.0000
0.0000 0.0000
0.0000 0.0000
0.0000 0.0000
0.0000 0.0000
0.0000 0.0000
-17.0147 -10.3088
8.9839 11.4581
2.6286 2.3061
0.0000 0.0000
0.0000 0.0000
0.0000 0.0000
0.0000 0.0000
0.0000 0.0000
0.0000 0.0000
0.0000 0.0000
0.0000 0.0000
-3.2121 -5.8182
0.0000 0.0000
-14.0769 -8.3077
0.0000 0.0000
0.0000 0.0000
0.0000 0.0000
0.0000 0.0000
0.0000 0.0000
6.0147 1.8235
0.0000 0.0000
0.0000 0.0000
0.0000 0.0000
0.0000 0.0000
0.0000 0.0000
0.0000 0.0000
0.0000 0.0000
0.7347 -0.7347
0.0000 0.0000
-2.2737 -9.9474
-3.9200 -2.8400
0.0000 0.0000
0.0000 0.0000
0.0000 0.0000
0.0000 0.0000
0.0000 0.0000
0.0000 0.0000
0.0000 0.0000
0.0000 0.0000
0.0000 0.0000
0.0000 0.0000
0.0000 0.0000
0.0000 0.0000
0.0000 0.0000
0.0000 0.0000
0.0000 0.0000
0.0000 0.0000
0.0000 0.0000
0.3514 7.3243
0.0000 0.0000
0.0000 0.0000
0.0000 0.0000
0.0000 0.0000
6.6087 -1.2174
2.4779 -7.9984
0.0000 0.0000
0.0000 0.0000
0.0000 0.0000
0.0000 0.0000
0.0000 0.0000
0.0000 0.0000
0.0000 0.0000
0.0000 0.0000
0.0000 0.0000
0.0000 0.0000
0.0000 0.0000
0.0000 0.0000
0.0000 0.0000
10.4722 3.8889
0.0000 0.0000
4.6471 5.1131
0.0000 0.0000
-1.4070 2.1508
-9.2000 -3.8000
0.0000 0.0000
0.0000 0.0000
0.0000 0.0000
0.0000 0.0000
0.0000 0.0000
0.0000 0.0000
0.0000 0.0000
-7.6045 -1.3094
0.0000 0.0000
0.0000 0.0000
6.1000 -3.5000
0.0000 0.0000
0.0000 0.0000
0.0000 0.0000
0.0000 0.0000
-5.0000 5.2143
0.0000 0.0000
0.0000 0.0000
0.0000 0.0000
-10.9233 -0.8875
0.0000 0.0000
12.5227 -5.5909
14.9029 1.4951
-12.7205 -5.1850
0.0000 0.0000
0.0000 0.0000
0.0000 0.0000
0.0000 0.0000
0.0000 0.0000
0.0000 0.0000
0.0000 0.0000
0.0000 0.0000
0.0000 0.0000
0.0000 0.0000
0.0000 0.0000
0.0000 0.0000
0.0000 0.0000
0.0000 0.0000
0.0000 0.0000
0.0000 0.0000
0.0000 0.0000
0.0000 0.0000
0.0000 0.0000
-11.6531 -5.6939
0.0000 0.0000
16.9677 2.4516
-3.9355 -5.1290
0.0000 0.0000
0.0000 0.0000
0.0000 0.0000
0.0000 0.0000
0.0000 0.0000
2.9412 11.4118
0.0000 0.0000
0.0000 0.0000
0.0000 0.0000
0.0000 0.0000
0.0000 0.0000
0.0000 0.0000
14.5769 -5.5023
0.0000 0.0000
0.0000 0.0000
-14.4737 5.5789
0.0000 0.0000
0.0000 0.0000
0.5654 6.0283
0.0000 0.0000
0.0000 0.0000
0.0000 0.0000
0.0000 0.0000
-1.9091 -2.5455
0.0000 0.0000
6.5500 11.2875
-4.6471 -12.2941
0.0000 0.0000
0.0000 0.0000
0.0000 0.0000
0.0000 0.0000
0.6818 2.2479
0.0000 0.0000
4.3759 3.9007
0.0000 0.0000
-0.1290 -6.7742
0.0000 0.0000
0.0000 0.0000
0.0000 0.0000
0.0000 0.0000
0.0000 0.0000
0.0000 0.0000
0.0000 0.0000
0.0000 0.0000
0.0000 0.0000
-0.3096 2.8264
0.0000 0.0000
0.0000 0.0000
0.0000 0.0000
-14.4643 8.9643
-9.4862 3.2265
5.4444 11.0000
0.0000 0.0000
0.0000 0.0000
0.0000 0.0000
0.0000 0.0000
0.0000 0.0000
0.0000 0.0000
-18.0000 2.9412
0.0000 0.0000
0.0000 0.0000
-7.7607 7.6410
0.0000 0.0000
0.0000 0.0000
0.0000 0.0000
0.0000 0.0000
0.0000 0.0000
0.0000 0.0000
0.0000 0.0000
0.0000 0.0000
0.9510 0.0425
0.1758 -4.8934
0.0000 0.0000
-8.8957 -0.8484
0.0000 0.0000
0.0000 0.0000
-0.0832 -11.5306
0.0000 0.0000
0.0000 0.0000
0.0000 0.0000
-13.2822 -6.7667
7.3182 -5.3182
0.0000 0.0000
0.0000 0.0000
0.0000 0.0000
0.0000 0.0000
0.0000 0.0000
1.5455 10.9091
-15.4545 10.3636
-2.6786 -4.7143
0.0000 0.0000
0.0000 0.0000
6.7115 3.7981
0.0000 0.0000
3.0091 4.7173
-10.8887 -0.9827
-6.3210 -1.4414
0.0000 0.0000
-4.5106 2.8830
0.0000 0.0000
0.0000 0.0000
-14.7524 1.9887
0.0000 0.0000
0.0000 0.0000
-13.0000 2.5000
0.0000 0.0000
0.0000 0.0000
0.0000 0.0000
0.0000 0.0000
0.0000 0.0000
0.0000 0.0000
0.0000 0.0000
0.0000 0.0000
-11.9412 -8.0000
0.0000 0.0000
0.0000 0.0000
0.0000 0.0000
0.0000 0.0000
0.0000 0.0000
0.0000 0.0000
0.0000 0.0000
0.0000 0.0000
0.0000 0.0000
2.3802 -4.2240
0.0000 0.0000
0.0000 0.0000
0.0000 0.0000
0.0000 0.0000
0.0000 0.0000
-1.8136 -9.6271
0.7823 1.2097
0.0000 0.0000
0.0000 0.0000
15.0000 -9.7692
0.0000 0.0000
7.5220 6.9057
0.0000 0.0000
0.0000 0.0000
0.0000 0.0000
0.0000 0.0000
-7.1143 -0.7143
0.0000 0.0000
5.9166 7.3841
0.0000 0.0000
0.0000 0.0000
0.0000 0.0000
0.0000 0.0000
0.0000 0.0000
0.0000 0.0000
0.0000 0.0000
0.0000 0.0000
0.0000 0.0000
0.0000 0.0000
12.0221 8.7699
0.0000 0.0000
-8.9694 -7.7782
0.0000 0.0000
8.0000 -14.4286
0.0000 0.0000
0.0000 0.0000
0.0000 0.0000
0.0000 0.0000
0.0000 0.0000
0.0000 0.0000
0.0000 0.0000
-10.9279 0.9820
0.0000 0.0000
0.0000 0.0000
0.0000 0.0000
0.0000 0.0000
-5.5283 3.1321
0.0000 0.0000
0.0000 0.0000
8.7816 -0.0949
-9.7994 0.1129
0.0000 0.0000
0.0000 0.0000
0.0000 0.0000
0.0000 0.0000
0.0000 0.0000
-7.0589 -19.7224
0.0000 0.0000
0.0000 0.0000
0.0000 0.0000
0.0000 0.0000
0.0000 0.0000
0.0000 0.0000
0.0000 0.0000
0.0000 0.0000
0.0000 0.0000
3.6667 7.7556
0.0000 0.0000
0.0000 0.0000
0.0000 0.0000
0.0000 0.0000
-12.9711 -1.6301
0.0000 0.0000
11.0332 -6.1782
0.0000 0.0000
3.4110 -16.2534
0.0000 0.0000
11.0566 6.8868
0.0000 0.0000
0.0000 0.0000
2.3269 -5.7500
0.0000 0.0000
0.0000 0.0000
-12.2072 4.0721
0.0000 0.0000
0.0000 0.0000
0.0000 0.0000
0.0000 0.0000
0.0000 0.0000
0.0000 0.0000
0.0000 0.0000
0.0000 0.0000
0.0000 0.0000
0.0000 0.0000
3.4000 7.4000
0.0000 0.0000
0.0000 0.0000
0.0000 0.0000
0.0000 0.0000
0.0000 0.0000
-5.6784 -1.2656
0.0000 0.0000
0.0000 0.0000
-0.9661 7.4915
-5.5585 1.9855
0.0000 0.0000
-7.2039 3.2136
0.0000 0.0000
0.0000 0.0000
0.8947 0.4737
-3.5000 11.5000
0.0000 0.0000
3.2200 -2.5900
0.0000 0.0000
-12.5000 -17.9545
0.0000 0.0000
0.0000 0.0000
0.0000 0.0000
0.0000 0.0000
-2.3028 -8.2604
0.0000 0.0000
0.0000 0.0000
-3.0782 8.7335
0.0000 0.0000
6.5558 8.3450
0.0000 0.0000
0.0000 0.0000
0.0000 0.0000
0.0000 0.0000
0.0000 0.0000
16.8955 -16.2985
0.0000 0.0000
0.0000 0.0000
12.1261 -18.3423
-2.2955 -1.6179
0.0000 0.0000
0.0000 0.0000
0.0000 0.0000
