2.084421 8.430832
-12.545721 4.349184
10.703353 2.001980
-4.582191 9.514741
-13.795536 15.561855
-2.500476 -4.750238
-16.126890 -3.159922
0.000000 -20.000000
13.900274 0.753835
-13.157205 13.179039
4.579276 -11.177808
-5.573536 -6.893369
-4.248004 -18.630222
12.739900 13.669180
12.009231 11.473846
12.030635 -22.339168
-2.107864 21.458788
2.696639 3.561228
6.930685 -4.672552
4.492563 -16.175027
-0.287036 10.610220
7.592336 12.764717
-5.736462 1.986263
-6.578971 -0.213423
2.779942 1.336469
3.212891 2.496839
7.040796 5.908925
8.672868 -1.612552
-16.900250 12.177516
-6.599184 3.524286
-6.243257 -2.469501
-5.795095 -16.833860
8.000000 4.000000
15.596571 -7.271169
-1.673038 -1.403800
-6.800860 5.622436
-2.522817 -2.425946
0.000000 -7.000000
-6.536064 -1.164594
-18.000000 9.000000
-7.037785 6.675567
-11.034483 0.586207
-24.900411 -3.084495
9.569152 -6.941797
-3.134679 11.949204
-11.452264 -5.472690
2.024530 0.727469
7.118165 -1.932875
-4.581602 9.922849
13.763544 0.278241
-12.706816 4.501087
3.080000 20.560000
2.320092 -7.085989
-2.161634 -7.331527
-4.344484 -8.926698
-7.268116 6.274711
-4.000000 4.000000
-10.476594 -11.959139
-7.306967 1.698808
8.687415 -6.193164
4.945488 -9.880230
9.317213 10.051646
-16.990998 -10.003031
4.929703 16.654624
2.398084 5.619336
-16.926379 11.130142
-10.109350 -4.654515
13.825212 15.211994
9.000000 -14.000000
5.708813 -8.818514
-7.923584 -2.858320
10.175317 -9.688596
2.375438 -20.900693
-14.456858 -2.368219
-7.200899 12.050832
-13.402062 -5.154639
7.574830 5.122904
-15.729788 -18.439485
-3.344326 -7.940372
13.217475 -8.545393
-8.448276 -7.620690
8.033381 -17.868064
7.323959 17.733737
13.496161 -2.579208
-0.033519 15.259295
16.353090 -12.070077
-15.750588 14.922353
-3.845377 -10.240359
-1.134358 3.070996
8.155039 2.403581
5.564863 2.808441
3.664537 -7.613419
-6.459325 14.635767
13.068768 -13.307496
-7.639485 -18.914163
13.109718 3.111285
4.443232 15.877468
1.397750 -14.245661
1.738695 -13.646983
6.515145 1.973922
-11.000000 -2.000000
-2.905950 6.313602
6.406195 -1.307080
8.176512 -4.755160
6.258224 20.570424
-1.553358 -8.844720
-15.958537 4.018659
-9.647059 15.411765
11.862365 -18.254440
-9.390261 2.926536
0.446102 5.564151
1.285338 17.619549
6.061880 -3.140520
-10.075748 15.076898
-5.315068 -5.493151
-2.985644 12.440342
12.999854 11.562507
15.947059 4.688235
2.602700 6.017358
-6.378228 11.615092
-3.666642 5.618369
-6.001898 -2.000730
-3.300111 -15.287414
-5.077886 -1.721989
17.845823 8.222428
8.454384 -4.339564
15.041816 11.789507
16.000000 -10.000000
1.109079 1.947047
0.192108 -16.564172
-19.947546 -2.695200
8.310233 5.084383
19.739893 9.207799
11.608762 7.814020
-7.479288 18.648709
-0.257001 10.615683
-8.000000 18.000000
8.966634 4.251999
-0.059540 -8.121875
-16.310932 7.679776
-10.255277 20.314332
-6.583316 4.560204
9.458629 -9.613995
-6.913938 10.927942
4.000000 22.000000
-10.429901 2.192636
1.563298 13.335748
13.220183 -1.266055
-12.094717 5.136832
5.749617 3.594702
1.832997 -0.701592
-2.679603 -17.935404
-20.192452 18.888165
-20.799573 -12.405012
-10.367894 15.765779
5.567458 -8.810094
0.727410 -3.003634
10.336412 -3.008351
-24.923077 -3.384615
4.755846 -3.464253
-13.907692 -0.338462
-15.706431 0.812713
-1.080787 5.754740
-16.220792 4.161015
-8.805930 10.779244
-6.115235 -5.690626
11.715988 12.949108
12.023552 1.381315
11.351492 -11.647885
5.934110 -14.919855
-2.707265 -4.536327
-11.757764 18.351177
16.940704 -15.238440
16.576589 -10.736387
2.316536 6.358792
-11.344119 -7.137257
-9.443299 11.752577
-nan -nan
-19.316063 13.675041
-5.825957 4.842971
-12.645005 -3.397094
-19.820405 5.922835
13.281355 -16.504824
13.651071 -5.166655
15.511467 13.488098
4.307679 1.199559
-1.173659 -3.442927
-13.594365 -3.159020
-9.000000 -19.000000
-12.592686 2.824897
-5.326977 15.605593
-4.375654 -4.260553
15.723608 -12.577537
-4.294543 -0.453797
1.803577 -2.619332
15.716303 -4.845974
21.485243 15.314618
-13.062224 7.225246
-9.041215 11.048102
-1.187737 -7.591686
-13.735483 17.588911
14.335422 -2.169966
-5.373022 -12.413303
5.512120 12.114011
-2.471697 -11.935558
9.258503 -5.047553
3.108479 4.581678
7.512947 -25.368831
-18.387142 -10.005029
-6.580888 10.134835
6.841623 13.075677
2.279769 1.171601
8.351763 -16.117273
11.994765 1.249504
-5.011137 -16.562564
-17.767333 15.649896
-10.629998 -14.006291
6.172031 -6.771767
10.006589 -14.340344
-19.138848 -8.309935
4.970760 1.217522
-0.028091 14.377551
-4.324243 -8.732871
4.030715 14.164898
10.927368 -14.223206
4.380178 -20.559224
-16.790505 12.128625
-16.000000 -12.055460
-17.166305 8.827054
9.225902 0.416137
10.616473 -16.940937
9.723871 7.122111
2.510930 3.021860
-1.000000 4.000000
5.195586 -3.371779
-14.299045 5.058841
-7.432993 10.924946
5.149267 1.806012
10.380998 12.519027
1.378927 -17.190482
1.579262 10.796253
-5.876419 -5.849277
-20.107162 -0.828940
8.921564 -3.364901
-5.170732 -5.536585
5.740611 -6.369525
15.081074 -10.835287
0.872052 8.757041
-5.043399 -9.819513
9.826658 -11.360348
-8.710080 -8.151768
-13.859944 5.058658
-15.886500 15.094490
-12.852784 11.256442
19.917337 12.978247
-12.600446 18.199691
20.732811 -8.431411
19.412003 -8.008443
-1.781928 -0.216116
-6.640905 -16.013195
10.151291 14.007550
-12.291575 -0.008296
-8.874138 12.662112
-16.934531 6.708680
-6.650304 17.578801
11.109941 -16.069844
-12.464535 6.606395
-3.517781 1.654812
-3.097561 14.121951
2.559050 13.860130
-0.291636 -1.838639
-13.885948 -0.959437
-12.293758 6.463934
-0.781807 2.102504
-10.762602 0.954730
-10.101050 3.538936
23.578378 -8.329730
16.188420 20.081621
0.656483 -7.433662
9.882380 9.459331
-0.670334 2.896523
11.709126 -2.579534
6.721566 -0.247046
14.603399 9.342776
8.305995 9.526967
-1.361191 6.920998
-13.028467 6.386901
-10.433021 -0.288118
21.945245 -5.012810
1.767575 -7.856528
-7.758460 1.287900
1.761726 -5.714822
2.693705 1.609813
-10.237321 2.053801
11.684675 -4.546461
12.692846 -8.869518
-4.172643 12.833977
-4.995211 -5.550905
-5.232060 12.325190
1.977284 -7.877528
-5.498990 10.517698
20.508682 -6.641709
19.531564 1.000702
-14.371326 -15.189606
2.051520 9.667340
19.000000 -15.000000
-2.924641 18.735799
5.420374 1.380583
-10.284519 0.969553
11.574040 13.315528
0.944429 7.760553
-0.596330 7.626446
-3.000000 9.000000
1.889262 -3.372483
-12.000000 5.000000
9.433481 3.932134
1.151292 -0.760140
-10.898293 -8.524498
-14.203672 1.227484
-3.103381 7.909623
5.639380 -1.914248
-16.075878 1.124925
-1.457014 -14.597285
-7.544988 -7.505367
-4.880511 0.706215
5.028365 -4.891308
2.456600 -1.681576
3.119663 -7.258197
-7.983034 -1.455733
-21.126415 -7.660336
-6.721502 6.556996
8.310066 1.326678
-15.911303 -9.839430
-12.604878 8.643902
-7.769300 -17.410514
-2.271575 12.603976
-9.494868 -14.721773
-2.363474 -1.689128
-19.062823 -11.922943
-10.795489 13.618752
12.171564 8.764944
-1.617171 -4.396230
-1.196783 14.112382
-17.617910 1.941822
13.465400 -3.702789
-7.437584 9.832951
14.625106 2.599154
-14.775758 11.581371
-11.650068 7.190905
-16.049231 -11.886154
-8.753347 -11.316240
-12.756195 -16.210067
-6.663942 7.628167
-11.657545 10.794374
-10.218080 -2.346692
9.514838 18.304398
-10.057811 1.375853
-4.405808 -4.025244
2.680000 -8.760000
-17.595182 -4.337554
6.998928 3.707229
9.757153 11.577110
-9.272752 10.408960
-11.763166 5.607241
4.087635 1.374068
7.866094 -0.998479
0.970222 -18.789078
-14.683938 7.398964
9.702219 6.488714
-6.204806 5.030377
-5.271165 -10.724443
-0.644789 -9.574080
-2.012301 -16.737133
20.918751 1.613601
3.173229 6.541946
4.949737 14.758741
-0.786109 9.976848
-3.689692 -4.824461
14.000000 -6.000000
6.552162 8.116316
8.149337 -15.291650
18.194745 -4.062934
-1.820131 6.661866
-8.960901 -1.291209
2.888560 -1.316588
16.000000 -5.000000
12.785257 -2.237361
5.469105 8.253809
-11.576471 19.505882
0.090293 0.454654
-14.222852 -6.796692
13.130126 3.215638
-10.890358 11.917741
11.326174 -3.676587
-10.107552 -14.239684
-2.949045 -0.573248
10.200108 3.260328
1.328275 6.380716
13.143690 -5.878072
13.796925 5.816643
7.927809 3.477839
-5.982227 -1.057311
11.216499 9.470248
19.013084 -4.594201
12.399793 16.947098
-18.751618 -10.477005
9.342061 9.282239
-8.007796 2.545971
7.128845 -11.184730
-6.115406 -5.702089
3.714052 17.087989
5.523881 -10.405428
-11.030973 18.464602
7.176115 18.522309
-2.173487 9.003239
20.125641 -3.653108
17.575078 7.880494
-13.491236 21.199364
8.720197 10.927393
16.420000 20.060000
8.126049 -1.103022
1.357548 -7.976071
5.759274 4.583266
7.113905 16.476926
6.512098 1.302862
5.654795 15.106165
-2.851668 10.204578
-5.899929 -2.296146
10.329676 3.697667
9.046467 3.699026
4.711351 -6.588108
16.151907 -4.237057
11.858179 11.370570
11.773420 24.641899
9.030437 11.595647
1.933168 4.797806
9.950148 9.503491
18.768586 5.451156
-0.665782 -17.087533
-6.005612 4.584177
-12.788214 -6.144356
-9.603169 1.869300
-14.741238 -5.056978
-7.620818 -0.092937
7.968056 -8.853395
-7.179650 12.313196
-19.899487 0.470503
15.171028 11.916352
-5.175485 -17.816639
-1.389136 18.396712
3.353982 -1.690265
-3.814286 10.562782
8.413320 -4.418217
-2.570439 -0.108545
-1.315091 10.201455
-8.997977 -12.046400
13.832216 -19.968627
-3.371751 -15.738145
21.004920 -8.257152
12.739816 11.548427
2.624145 18.056767
-17.042397 -6.518922
-11.690449 -9.455390
-20.406415 4.434751
-2.645733 12.519252
0.912261 -14.685976
14.617942 15.445487
5.144001 -0.575524
13.039244 -3.905954
-9.857500 2.263427
6.409454 8.193455
-1.511570 14.815580
-13.774594 -12.277260
12.701881 3.001431
0.200000 -1.600000
2.341772 19.664929
-20.972660 -8.957037
-2.759340 -0.821607
12.841197 -19.091812
-5.083811 -9.434098
-20.662157 -12.742857
4.514095 -6.472734
-8.619053 1.828808
-11.369762 2.681537
-16.011683 5.887481
11.100000 -1.700000
-3.507963 2.505844
-15.465279 -4.378039
7.697005 6.478202
-3.395763 -21.369022
20.361308 -1.685615
0.288910 11.758880
-9.960714 0.525434
-7.982282 -14.335675
-4.657819 5.097672
-7.262485 9.554319
15.333389 -8.273798
15.442623 10.131148
16.339064 3.877187
9.211876 -13.769433
15.086058 -3.258137
-2.928184 7.041001
-0.162805 6.757829
5.829568 -3.015067
18.386804 0.456064
3.515338 8.893545
-10.389002 4.578347
-0.542047 4.573855
-3.986975 -24.976210
-3.394481 -3.648336
14.936872 15.137733
-5.812209 5.640264
-7.410563 -8.244640
9.868182 0.640879
15.951340 -1.201021
7.200000 12.400000
-11.503789 4.977942
2.634421 -13.851936
15.150784 -18.960126
5.809769 8.874215
-22.122039 8.170700
-5.671533 -21.153285
-2.954542 6.977323
-14.067002 -7.498787
-19.034483 -0.586207
6.915078 8.961872
-4.415152 -15.749908
-17.921540 -8.420010
10.227141 12.502392
-17.687671 5.032877
12.352156 1.945883
-6.946815 -1.434061
11.869863 4.513699
-0.811741 -8.660105
0.940000 -0.420000
-3.203663 -8.401015
10.972477 -7.091743
11.969890 9.537856
-2.781036 -15.250499
-0.404948 8.202330
-5.410014 2.887811
14.251356 -10.425346
-14.296717 15.920781
16.901639 -20.081967
-7.479370 -1.245345
-7.135308 -7.844676
-13.863746 -8.916969
0.220645 -5.466226
4.316705 -1.816125
1.893791 -1.987229
-0.822032 2.239566
-2.075306 10.207944
-2.550459 4.834862
-17.000000 19.000000
-19.458463 -5.669387
10.386740 10.651934
-4.150541 4.657144
1.549303 8.179820
15.073959 0.341035
6.723478 17.290349
4.312904 3.668273
-2.395588 -0.002052
-11.634840 -5.965855
5.718105 -6.951287
-9.713912 -6.981833
-1.368867 2.683107
-16.960785 3.199097
-13.019464 -6.174776
-11.198647 -3.484494
-3.901860 4.186959
-13.344615 4.643077
4.310811 11.364865
4.930919 -4.569176
4.951264 -19.424188
-12.252528 2.512418
-11.892221 8.253464
15.539033 12.516400
14.424139 -15.800993
0.477752 -3.887491
5.652506 13.323219
9.972536 -13.068121
9.919898 20.839797
3.702994 19.812464
9.905303 4.035468
-9.303785 -9.431332
-13.572800 -6.249600
-19.432333 3.381044
12.993703 -8.162468
2.994220 -2.462428
8.798228 9.488179
0.170062 1.162300
16.889167 16.361422
-4.258173 12.560237
11.728558 -3.794265
5.754199 18.190023
15.418742 -12.951785
-1.063302 4.972210
-19.853397 -6.383597
-7.426691 1.284361
-6.439435 8.132312
8.977997 14.001293
18.548561 -18.362511
0.148145 -7.988812
-6.405196 -13.249591
10.134923 13.886727
13.445232 -3.843173
-6.730802 -6.924885
-4.327069 -19.353676
9.186447 -9.181583
-3.176773 -3.124450
-0.207844 26.644808
-14.704622 -15.825285
-12.676513 -5.213485
11.689882 8.055866
-1.824480 7.418014
-9.242451 1.432207
7.685320 5.726956
-4.348598 7.539439
4.288825 -1.326278
0.183414 7.633258
15.592717 16.430503
5.842593 6.921660
-11.071167 6.190075
-11.295080 -15.468260
6.167665 6.217924
-13.083557 16.899038
6.601997 19.269615
-7.108122 17.859121
0.408565 -2.144239
5.685847 11.476376
5.231448 -7.296108
-14.191472 7.773315
-4.224491 -19.690483
-2.559710 -2.283712
9.755251 8.646680
10.923725 10.446889
11.284308 -1.094487
2.179980 -2.345720
-4.452663 5.326293
2.949060 3.414797
-0.719915 2.255056
9.384599 -3.970852
8.214070 5.191377
-2.199225 7.602296
21.031308 -12.981345
7.228223 3.766583
-22.012116 -6.341100
1.805974 -3.398009
6.013366 13.402673
-11.125016 -12.318384
-12.665758 -1.771805
-7.286793 2.653269
13.332252 -17.361888
11.702247 4.995065
8.414488 -6.388915
4.698599 13.222327
-7.771817 -2.623599
-11.694678 -14.762305
10.276405 -6.190661
8.904836 0.344774
-0.774449 -6.225551
-9.353151 2.183613
-9.510558 4.767814
8.063597 -14.381583
-15.068493 -4.849315
-6.185172 -18.662760
-3.516089 8.097657
-6.347073 20.290914
-14.563694 -12.277628
-3.141021 0.141968
-7.540035 4.786520
-1.392629 2.441981
6.772892 -7.057192
17.055492 2.049481
3.429127 14.631596
-4.845806 5.033420
-0.680795 -18.416919
18.769238 17.453469
-6.718861 3.900356
-5.484937 -10.607009
-19.130753 -0.759722
0.571327 -16.028017
19.261333 9.515429
14.616932 -20.250629
1.849150 3.897118
16.255061 -0.027448
4.193756 12.388496
9.400596 -1.664788
-7.753820 15.179985
5.740999 10.102008
-2.935305 -16.635860
-1.493504 10.702339
16.353439 -6.858256
-16.190610 10.360197
-9.493290 -2.433953
-5.983417 -10.942556
10.727005 11.110881
6.847583 -9.583477
1.572866 9.563252
1.833949 2.398806
11.189884 -9.146364
-nan -nan
-18.454337 6.726787
-7.592273 -9.516651
-9.561467 -17.689242
8.982260 -1.978101
12.220568 -16.809705
12.777626 -9.281981
-18.217472 -22.857827
8.706185 6.144599
5.306249 -5.622656
9.108720 -14.126428
5.489799 11.945391
7.900086 20.377759
20.034770 12.501830
-13.947855 -9.942329
-20.887558 0.312212
-5.000000 13.000000
-11.698630 -6.863014
-9.942623 10.368852
-14.109454 -12.809483
-18.332294 -1.518310
6.002896 13.059419
-4.640856 -10.530479
9.263907 -14.606172
4.500047 6.732089
-10.092773 8.036204
12.005190 -0.697232
10.182032 -5.683208
2.944126 -8.011763
13.765921 8.143242
7.823067 5.663597
-3.000000 7.000000
-2.344713 -5.301862
-18.815099 8.280611
-1.594110 -8.214625
-2.137947 -0.003716
-8.928755 10.378021
11.282872 -14.024639
-6.310081 -13.656590
-12.562847 20.423919
-6.831016 7.400738
9.775388 -9.825324
10.641492 2.540913
8.292473 -4.418109
-14.792062 4.749897
6.850766 5.104631
-10.313613 1.395207
1.981646 9.035137
-7.529442 -9.992881
-9.754603 7.188345
-7.883212 -13.678832
-5.021073 3.866944
13.869871 4.771026
-7.915737 9.951776
-11.670392 4.780849
6.592876 9.087493
-0.608038 20.954776
7.764294 16.097533
-8.004087 1.980800
2.062355 10.009287
7.440991 10.492225
8.512729 -13.578684
-14.882705 15.737580
-3.941656 -11.282364
14.168993 -4.175021
12.136973 1.285346
3.255929 15.211851
-7.823338 -10.899505
6.375743 3.229717
6.184717 -10.274897
3.380924 4.656005
-16.745724 4.523587
7.818295 14.540966
-3.812170 -7.421684
5.567666 9.408694
12.791064 4.102928
10.676165 -5.595038
-10.857943 8.181924
-10.491686 -1.741093
-8.593665 -15.143070
11.034091 -5.463405
0.795844 -4.280903
-2.135873 6.732212
-1.124260 -0.698225
1.330534 -21.820124
2.954847 14.992028
8.266942 5.827107
-16.465738 -11.156510
0.959032 6.861686
-5.557146 19.523041
-0.866407 10.260617
-12.722734 -10.869172
12.441317 -0.462449
0.605776 2.852242
7.097710 -1.691761
-7.718586 6.870495
4.988525 3.673770
-6.061135 -10.541485
10.526996 4.443188
-2.428546 -16.566689
-10.950962 -4.691199
3.586960 12.619150
-7.505569 6.926185
12.654278 -15.881350
1.245961 18.084037
4.791689 -4.836218
-15.200000 -10.400000
-2.322867 0.329608
-14.775189 7.654865
-0.015301 -18.084440
-0.234605 9.629678
8.258198 14.815893
5.259033 -2.974500
0.072641 7.139624
11.618868 0.108215
-1.428062 -5.647100
2.205619 -4.105387
-5.081524 -20.071165
2.311752 -6.957635
7.984362 21.732310
13.524674 1.156565
-15.827727 -1.613000
-13.383862 -3.872045
3.166262 -22.206770
-5.117410 -23.268940
-9.736227 5.519395
10.466321 1.860711
7.417853 9.459250
-8.219981 -13.353128
4.515237 11.583328
6.184691 2.617059
17.128568 -15.472309
-3.027692 -6.498462
-1.621171 -8.137913
1.178943 6.811809
-13.761614 -7.017599
-6.194326 -2.308589
5.878049 -8.902439
-19.000000 -7.000000
7.235294 9.058824
0.620274 -1.936376
7.896390 9.290829
-5.622204 14.457008
-18.455991 13.455991
7.874303 14.689142
22.749428 -14.555521
-13.580057 3.965419
6.360106 17.102769
-10.340073 1.399657
-1.834641 9.211991
3.297253 -5.143356
19.324078 -10.613841
-12.435359 20.199653
23.627708 -1.132275
-7.871495 10.230716
11.255525 -20.688060
15.982655 6.204438
6.297460 -15.135171
1.141996 1.169447
-2.500000 2.500000
-16.499414 8.756734
8.575879 14.206092
-11.403445 -17.063848
9.032024 17.662805
14.053458 -4.317166
2.890444 21.616553
5.930042 10.931625
2.305807 3.114196
1.477704 0.847669
3.703173 15.800409
8.140250 10.897379
-0.090595 -12.821075
13.522589 -0.637875
3.434270 -2.625634
9.784888 -7.917265
-10.521484 -0.051475
-10.500000 3.500000
1.123970 -21.253432
-2.791429 5.124118
1.445145 16.127364
-17.400000 -7.200000
0.857955 6.908067
7.662238 1.009320
-22.756887 -8.392326
1.000000 18.000000
-13.000000 15.000000
-14.189683 9.693915
-15.755673 4.340949
-11.863923 -14.351116
5.266971 1.529009
-1.267278 -10.203204
-13.934052 -9.205193
3.624329 -25.342178
-7.943705 -11.021228
-6.008175 6.782682
-5.682328 19.141933
-6.099628 3.119252
-5.296788 -3.594303
-6.967882 1.257965
11.570815 -3.802575
8.000000 0.000000
-15.034965 15.507080
-8.035290 19.400444
4.946290 -0.296865
3.268041 10.103093
5.514837 10.304154
8.414634 -9.268293
4.131176 11.516766
6.836288 -0.428698
-8.360122 -4.160044
-14.589714 15.127062
2.941176 -7.764706
-4.263833 8.392061
19.876744 6.411759
13.530894 -4.066575
12.516923 -4.535385
-8.807637 -11.101552
5.683377 -4.257699
18.900000 7.700000
10.020650 -9.267374
15.186819 13.633531
2.252103 2.790355
-15.983872 -5.527002
7.907088 5.132758
3.255120 3.021597
10.587801 -12.830568
-13.859072 6.102329
-15.683120 1.887608
4.090129 -9.874028
-2.884609 -11.365377
8.930371 -1.329363
1.843702 19.720494
-14.997206 -19.824157
-10.950059 -10.835919
5.938598 -15.165461
-3.549402 -10.300124
5.109170 -11.681223
10.430981 -2.134095
8.219469 -8.991121
11.586244 -4.622471
6.555819 -13.881235
-1.348281 -12.807691
-17.125324 12.508211
-10.602135 1.762846
-0.522124 2.168142
-6.618883 -7.143756
18.957657 -9.998558
5.082676 5.376124
-2.169136 8.446037
12.376519 -17.350676
8.549368 7.888996
-11.732102 -5.953811
-6.292039 -15.441104
8.810395 -10.153307
-4.550273 -12.904250
-21.102077 10.078099
-11.344802 1.298569
-8.500000 0.500000
-21.666579 -6.419264
-13.528932 -4.864813
1.874576 11.366612
19.363860 8.659035
-13.473658 -16.180650
5.707148 3.494573
-6.197988 16.025438
1.618180 -18.565442
-18.770914 -6.712862
10.154892 -6.166489
-2.036281 15.492530
-11.581676 8.004560
6.874926 -3.598617
6.328876 4.943347
-12.661931 -4.452506
11.100000 -8.300000
7.389685 4.882678
14.290086 2.205821
17.531486 -6.183754
2.680928 13.989932
-12.991519 13.209482
-17.113091 8.627934
19.242358 -8.530049
-5.311182 7.500422
-4.302354 8.334440
-15.767269 6.425080
-3.365086 2.323808
0.352941 2.588235
1.177464 -7.418750
-14.824069 15.083881
-20.338844 -8.415900
2.611254 0.423273
-0.500000 4.500000
1.910345 1.475862
-6.769363 -1.916203
-13.006834 19.282378
18.263973 6.418533
16.231615 9.434582
12.221922 -2.028639
14.039797 -2.162027
7.267397 -10.580472
-5.395466 8.085642
-17.133835 -2.949704
-19.224518 2.187253
-10.222329 1.332681
0.576015 7.362519
-8.235156 7.975199
1.017250 -14.701843
6.659595 -4.490839
9.527270 -9.878922
7.700919 4.182963
-7.825061 -6.293790
6.789982 -11.002611
-0.800863 7.898600
-4.790364 14.944416
7.915341 0.394177
12.614530 0.180726
-6.409170 11.554833
4.205636 -12.612327
-1.487813 8.198345
8.762836 11.085575
1.268723 7.837674
-13.949895 4.742618
-8.288064 -9.312247
2.191974 -6.223712
-5.911179 -0.558861
19.796729 -20.283390
-0.356642 1.687777
16.780899 -7.050562
11.808706 7.406013
-10.882551 0.709982
9.837422 -9.423553
8.286463 14.349197
15.328758 11.412387
19.499645 -13.232245
16.730062 -0.459202
4.585987 16.407643
7.144691 -3.457440
6.536784 13.726156
10.825060 3.253781
-2.701799 14.706941
-9.755119 18.578274
13.774769 2.404888
8.004730 -12.331958
-14.561952 -0.073364
17.279756 3.399000
-9.689655 4.275862
-1.655142 -0.145718
-14.201292 5.842346
-11.697004 -12.222209
-4.120672 10.980606
13.772973 16.762162
0.342898 0.408717
5.740729 5.495175
0.667128 9.259330
6.112718 -8.956520
-7.370519 -18.338391
-13.727158 -1.187175
-18.259532 2.374047
4.239077 2.377414
-11.392050 6.343693
11.259902 -11.254595
4.809193 6.390649
-5.555556 -11.111111
13.377320 -2.512219
16.665188 -4.819810
-4.987312 -16.742620
-10.454926 -1.660039
5.227066 15.695846
20.317035 -2.069786
0.825473 6.756639
9.861031 -12.563584
10.000000 -12.000000
12.003180 -0.081480
-20.158525 15.065187
-6.793166 12.590507
10.169561 -6.986487
-10.633937 -6.930300
-11.033498 2.145267
11.269880 15.365104
-8.786288 8.824612
4.264719 -0.453163
-17.723889 11.187566
-5.355003 -4.292543
-1.369753 -11.458454
11.694604 -9.520256
-10.143492 4.940171
14.695573 -6.819689
20.117117 -5.619272
-8.461218 2.746370
-2.961780 16.393178
16.297448 -11.643286
-13.871361 -15.212188
-20.269613 5.677348
-3.128490 -12.419592
11.064706 5.958824
6.661703 5.967902
9.554671 14.111364
9.000000 -7.000000
13.515650 -10.753735
13.104326 3.701982
-17.766476 1.559725
-14.202493 -4.640662
3.507829 -13.625333
3.599825 3.200959
-9.899631 -12.904551
-3.045911 4.935690
-14.917236 -16.589555
-7.801377 -3.390304
4.637476 3.561574
-5.581932 -9.412390
10.837718 14.031864
-21.940797 -7.888793
2.475176 -1.451373
-5.402428 -11.503977
-11.326490 9.513447
16.846514 -5.861154
-0.197577 23.296366
-20.731266 -11.320177
-9.231168 -5.609268
6.427937 2.808131
-7.606544 -1.801592
-3.597673 12.797918
-11.514640 -11.416392
-13.514762 -7.059327
-5.025741 -12.793929
17.021219 18.928234
12.721559 -1.742502
-1.267559 0.187334
0.363535 -4.100881
16.587702 18.332435
-11.890764 7.325539
-1.400000 -1.800000
-8.077204 3.781978
-7.827763 2.807198
-3.134091 -4.450479
12.192059 -11.053086
8.400000 2.200000
9.841068 -1.730954
-11.331002 -4.915889
-12.522607 -15.448319
3.677567 -18.460931
-5.087281 2.675101
-0.325868 -0.131502
17.059503 19.229296
-5.774015 -1.080286
6.919250 5.345258
8.868951 5.272756
-10.263171 -7.569612
3.769231 -3.846154
6.500000 3.500000
-3.880317 -3.141931
6.703681 10.885716
-10.307262 7.859094
-8.356863 10.471006
-0.296494 4.394502
-15.584615 -7.323077
12.284700 -12.708904
-6.425669 11.607884
-12.214213 14.261037
12.971098 3.312139
4.366519 11.586270
14.810362 -9.510108
22.702514 -9.452208
3.974579 6.886268
5.372050 4.913287
-3.948175 -0.185427
-12.849302 -19.411166
-18.566038 9.981132
15.691486 -3.269798
1.366115 14.096506
20.137661 -9.646273
-8.410623 1.560170
4.622171 -6.488541
14.339346 8.054112
-18.822260 -5.398046
-7.466656 -14.375425
7.804045 4.250376
8.000500 0.000233
18.929412 1.317647
-10.810172 -8.388264
-3.190534 8.222232
8.896552 3.758621
10.670676 -7.789493
16.245946 -5.775676
-5.935886 12.919942
4.070603 13.892535
8.171937 -5.409407
12.967810 3.005580
11.175562 7.359875
-19.540146 20.985401
-5.090014 -9.035671
1.374950 15.976940
1.088212 5.760183
-1.179662 3.724367
7.812007 -15.858490
17.426781 -23.547243
15.215168 -5.411409
-12.080007 8.558411
3.574282 -2.319288
-6.607694 -0.733532
13.520992 -8.517028
15.224287 9.843836
14.898657 3.379063
13.888485 7.535273
-6.203879 0.782589
7.272510 -27.946949
-19.236813 5.291335
2.775610 6.619512
-0.970384 -6.844849
8.347922 -7.164700
-2.356766 19.681898
18.765077 16.117067
4.604305 8.264388
-3.198847 7.198847
-6.447024 6.243986
-4.361033 11.917500
16.566191 -4.291241
-8.449908 -2.114129
4.588139 10.998282
-2.571000 -29.254712
-13.729396 -20.035280
-11.358242 21.483827
14.960531 -5.866699
-9.219339 8.575471
3.516661 -13.870097
0.306235 6.440679
-4.214580 -0.511140
-3.912455 26.324693
-6.575138 19.300551
-9.824730 2.937679
8.919070 15.307674
-9.468149 -0.994905
-13.306630 1.268930
-11.795395 17.235274
-5.875339 -12.999472
-4.077845 -4.404476
-4.295817 4.304139
-16.330810 5.528795
-12.400922 -11.719816
5.211117 -9.906987
-0.455172 -9.262069
-2.307732 -18.778257
7.565107 -7.662918
-0.302513 6.011641
2.562106 2.104490
-8.600000 -18.200000
-1.782177 -7.115423
6.241993 -7.825623
-18.189895 4.075314
17.033465 -7.138902
-9.036082 -1.706186
-10.302399 3.887434
-2.889154 12.514601
-15.193978 -5.879093
-4.641778 8.986864
24.087572 2.787361
14.483593 15.556030
-6.267666 16.915804
-9.036123 15.819386
12.440000 -17.080000
-4.341463 -6.926829
-10.209534 17.345731
11.076358 -15.604500
-1.773813 -4.618191
-5.758213 -14.806798
8.709899 -6.684639
19.093756 6.932565
4.490159 -14.714815
4.315863 5.842176
-2.545576 5.566356
8.003223 15.971797
2.221458 -17.804044
7.414174 -0.702083
-12.458171 -6.575450
-1.144359 1.150984
3.460926 1.505237
-1.061842 0.327208
17.984454 3.260126
15.622262 -8.776198
-9.610619 -16.159292
6.089693 11.301310
-18.833367 10.585064
16.604951 14.123757
10.000000 6.000000
-8.759907 1.316040
-1.327601 -10.119985
13.589446 -6.094587
0.422902 -2.802155
3.373441 -9.075454
-2.400000 -9.200000
6.791743 3.072477
-10.870903 2.185992
-9.065717 -10.647161
16.284189 -4.051312
22.360945 2.276451
2.537011 15.475970
-11.444236 2.706454
-14.707865 9.067416
-18.079590 -8.346245
-0.420900 -12.934688
-9.282501 -14.840336
-2.824691 -21.210582
13.092320 -14.221102
-3.005586 9.609299
-7.422003 -5.355707
-17.000000 -14.000000
10.478443 -17.033805
23.321675 -3.788171
-5.940249 -3.838775
13.526556 -11.882505
-0.406492 -24.651727
-1.717314 7.625054
2.387925 1.381165
-3.694347 3.701066
-11.143438 -6.490817
-8.215999 -7.783383
3.458026 -14.793688
12.756234 -6.401418
11.880647 -11.429247
-13.940771 -17.636146
4.038540 1.184584
2.190625 -14.346403
9.919098 5.141875
-13.349343 11.943226
15.429122 -20.000000
-10.138675 -4.267800
-17.998211 -17.000745
-2.513514 6.918919
10.170255 7.172864
-17.633589 -4.833017
22.621636 -10.987484
-0.317510 -18.088853
-6.793891 -2.383280
20.952122 7.936788
-9.385355 4.265706
-7.039572 4.154201
-10.507405 -3.238699
4.339138 -1.914683
10.000000 -12.000000
-6.314433 2.083218
-2.328332 0.441347
-8.660252 -3.373137
-13.791976 -7.935045
2.409048 -3.308815
-15.044822 11.092131
4.550212 20.187018
-7.292335 6.553507
-11.440586 -9.990507
-16.666340 9.765906
-8.257956 5.867138
13.636819 -14.964198
11.583019 15.609434
-4.073415 7.446114
1.575263 9.208529
6.015182 -8.701856
-5.127684 -0.189635
14.710357 9.106638
8.807206 5.784998
-1.378218 5.087991
5.925061 8.220714
14.323227 3.484313
-5.738014 -4.352749
-15.972495 11.278978
-18.833717 -3.556579
14.285987 8.235352
-4.406608 8.219994
13.365992 14.052822
2.700071 7.521078
-9.627107 14.292364
13.763415 5.374829
-14.833992 -10.902783
2.913148 -3.776056
14.628378 -17.183297
-14.427067 -0.562400
-12.163282 10.581641
-11.357970 -0.540521
8.713390 3.109912
-7.212605 -2.153557
14.800249 7.605515
-7.418470 -5.833034
2.626224 16.339991
-1.353502 -15.188839
11.313397 2.506466
-2.022514 -17.741088
6.369504 3.764048
-nan -nan
7.180070 -5.903087
-10.566690 11.705053
-13.934316 4.628063
15.896552 0.758621
8.864867 -14.503904
3.950085 5.252635
10.218721 -4.907908
-16.301035 11.542435
10.933416 -9.000000
-3.604676 3.762424
-11.014368 13.014164
-4.005792 6.130014
-3.337655 -1.900249
-20.524233 12.342418
11.942350 -8.769309
-10.488098 -2.036579
-11.661727 -19.761768
5.375461 3.389024
-4.980018 -10.339138
-15.139117 -8.055208
8.232722 -9.658674
8.011029 4.005209
6.174451 -3.690772
1.298374 0.701341
15.939966 -18.279597
-17.735007 4.829166
1.791923 -8.660408
1.914398 -9.736875
-18.176091 1.635777
-8.967069 -13.144128
7.241428 -5.100423
-14.710237 8.072271
7.581685 -9.867408
-13.717401 6.589642
-3.769177 11.104983
7.178414 -0.994417
3.110078 2.202964
-3.744801 7.163292
-13.050194 2.737011
-3.722055 -15.627906
1.648926 5.095732
-11.259352 14.812968
4.023935 -10.027393
21.003761 -10.000314
-14.952220 7.736465
-12.949735 16.110237
-10.917696 -14.656922
8.246370 -0.108692
10.238487 -5.020463
-5.302711 3.391381
-6.090100 -3.103738
12.256408 -13.294636
9.914818 1.224157
-3.100907 -13.048422
10.736342 -10.353919
8.167621 6.749670
10.238908 -13.969283
-8.732801 7.604163
17.539114 8.471254
-6.144589 -12.141018
12.594595 -6.432432
9.873694 -5.544811
-9.832835 -2.496395
-6.177655 -3.961821
-5.902853 -7.930006
-2.000000 14.451086
13.588038 -8.321807
-15.330459 -2.240722
-0.501331 12.631558
5.125786 14.565786
-7.818866 6.656727
-5.875668 -4.891910
-8.807692 -4.961538
11.124194 11.654840
4.785858 -15.944209
18.409476 9.662520
-7.741273 -0.068234
8.442425 8.371883
14.866973 2.131355
-12.452333 14.016227
7.997417 -4.877830
-4.529179 4.839756
-6.586163 -13.136941
-3.348951 -13.665446
14.781710 11.373218
1.326729 8.704210
-10.934492 16.138876
1.043351 4.372573
-6.974355 -11.576897
21.034483 -4.586207
14.925671 -2.387336
15.690108 -4.623405
13.441489 17.754440
-4.122043 3.316275
-12.865671 -11.486915
-6.532010 3.226508
-3.003079 15.772390
18.824295 9.824295
16.457315 14.000000
3.177647 -0.478264
-12.689921 -9.162168
1.950894 -9.666904
11.887484 1.476970
-14.305435 -7.610869
17.500000 10.500000
7.006849 1.815068
15.858431 -14.327999
-11.945946 6.324324
-5.598365 -3.678959
-12.869578 0.064699
17.639906 17.139602
-0.070162 -15.501637
11.637500 3.649996
-6.218555 20.293042
-4.127675 -8.988304
-5.845260 -2.814380
7.022045 -2.892441
-10.874511 2.217145
-23.530442 4.060796
-5.220961 -6.957205
-6.151454 8.355236
8.501631 -3.591475
-8.117983 14.896405
-8.288366 -4.054565
-5.277289 12.600460
-0.755534 8.394154
14.989219 -0.242052
-7.386502 -1.374848
-17.281929 6.306604
-6.456660 -3.227972
-6.597399 4.299354
-1.525084 15.958132
11.276646 -3.228644
14.443849 11.277231
-6.209547 3.244981
-14.546055 -2.267457
-1.777038 -0.868322
12.951007 10.589505
-6.542992 3.300252
0.452275 10.732922
10.906302 2.870825
6.819296 -2.286099
0.597709 11.200166
1.558652 3.983220
-5.447059 5.988235
11.614949 -14.558802
-9.839867 -9.996453
-2.000000 4.000000
-1.347127 22.752937
6.037298 -8.358199
2.984056 2.340570
4.710622 4.958987
7.433182 -6.954558
-6.990715 1.667472
-1.529358 -4.851883
6.750237 -12.706153
-2.517773 6.525672
-0.170370 0.007365
-5.707166 4.784827
-0.279775 -6.187640
-15.855272 15.611127
16.615804 1.466856
-2.061394 15.712559
-13.148884 -3.860831
8.191002 0.916502
-16.725802 -20.138881
-12.873101 5.733745
-4.445004 8.053399
-0.136406 10.054751
9.677082 3.607779
3.285114 7.000000
-4.691512 17.064395
2.056785 -14.264535
-4.155252 -13.345890
-0.890678 -16.141734
5.587816 -14.778731
-23.605011 15.923059
-16.244039 17.622020
-5.235294 6.941176
-5.707317 13.365854
7.340949 1.351448
16.004786 -23.469203
-9.798850 14.452414
-10.575632 6.916865
4.223379 4.566531
-8.615385 -7.076923
-12.717263 20.053629
-4.423267 -3.382567
10.262403 1.221665
4.116750 -16.101345
7.875268 3.298247
4.839273 -0.484527
14.832427 -13.216875
0.146507 -17.304940
1.767905 -3.532937
-20.041754 -18.503327
5.966179 -18.496452
-6.828490 7.596772
4.211744 3.222420
-12.461454 -8.861840
-4.201835 0.418045
2.506058 -10.940430
1.828398 10.333589
-11.261973 17.686774
8.672600 -9.120665
10.736397 17.582582
10.857765 -6.420900
14.772641 0.648004
14.000000 5.039764
6.791438 4.806980
15.358050 12.116219
-4.512630 -12.260108
-10.441876 14.425844
-12.500350 0.769964
-3.664223 -5.793730
-9.116626 -22.281250
-4.083665 11.955115
-6.723054 1.373089
3.375325 1.289558
2.370117 16.291395
0.654557 10.390103
0.246130 15.032679
-6.611434 -13.242263
13.255245 -0.997539
-0.406164 11.966105
25.455956 8.138528
-1.246709 10.071626
-17.933922 -12.442947
-2.249408 8.675436
11.154660 10.239186
9.081262 -17.445799
-11.771152 -16.715702
4.323887 -2.013270
9.369448 24.328052
-7.069987 4.429667
5.732453 -8.870451
-1.365635 12.144181
-12.500885 3.452163
-7.883733 12.925697
-7.093855 -13.361343
-10.383077 7.043085
6.636367 -6.330640
14.780879 -13.710294
-11.365147 -4.957033
19.812335 10.918395
2.378202 12.690684
6.001111 3.069749
-4.892941 -5.901784
3.939202 -18.322206
0.350089 -15.263634
14.556458 8.320200
7.007396 -10.211548
0.584382 14.802808
2.229619 0.538813
21.574524 2.637052
8.208327 -4.103001
-19.899086 1.634829
1.299640 5.998525
-4.344513 -9.616425
-5.476204 6.902747
1.942026 5.513994
11.332870 -7.727255
13.708295 4.320277
6.811176 -2.811798
16.746566 4.822975
-12.656357 9.790701
-3.127475 6.664523
-7.095420 -2.330138
-23.908987 11.066053
6.653511 3.179860
6.426700 -18.049454
-15.868195 3.264259
-7.203419 14.454012
-8.211401 -4.646666
13.526986 19.946353
-19.477783 -1.002826
-5.198362 -12.844551
0.467414 5.511103
-18.166006 -12.806824
7.310487 8.391956
4.581896 -5.448778
-10.556034 -14.246021
-1.073220 13.310722
-9.958530 -0.977982
3.635669 9.133748
11.892835 -7.632064
2.633233 14.946892
0.563891 -11.423825
6.135942 -5.082789
-0.791145 1.603741
7.697972 6.003737
-3.993027 -15.979129
12.247850 2.214546
8.708689 -2.001889
-11.042005 -4.272160
-8.741842 14.188188
3.883063 10.917918
12.529856 -10.451035
18.185446 16.703655
-8.191330 -6.980479
-4.782846 12.204777
7.135105 -8.199126
-15.131821 -0.677605
-11.321389 0.663797
-19.045092 -17.527181
-0.630727 -26.532024
6.291993 -6.359933
-15.733981 -1.149761
7.639851 4.809784
-5.023222 -11.266220
15.349184 7.663451
-16.531081 0.031928
12.740553 13.616709
-6.753232 -12.301209
-17.485347 11.410317
5.320630 4.673712
-2.724101 0.709870
-8.926152 -17.980288
-10.373491 -18.254433
10.648626 12.940467
6.965852 4.784921
-1.504294 13.105710
-1.606059 -5.799442
-20.288790 -7.535348
-2.126415 3.003155
4.077542 -8.510371
-13.597302 -14.866989
-7.334851 2.461497
6.930392 5.752608
-3.180248 -3.456558
2.156822 1.317173
12.500290 17.404353
-1.070854 -4.065732
9.947363 -17.980879
10.362473 -0.260328
-2.977085 -12.111033
12.484518 17.742238
12.032819 -4.274818
6.541183 -7.019686
18.986548 10.553000
8.291645 12.653415
15.444159 -10.808900
-4.189836 2.936462
10.627067 -7.896694
0.991351 -4.862986
20.091305 -4.538552
3.823257 -13.327381
-6.545732 1.167717
-6.130268 10.005935
4.468339 21.828210
3.201647 14.440461
8.145661 -9.801873
10.905738 2.669583
-0.281602 -12.015562
10.186537 7.432282
2.585768 8.187708
11.155044 -12.144105
-13.996054 7.702267
-10.432505 8.652652
-5.373464 -11.489189
-2.527137 -2.616712
3.821917 -5.742769
-14.421057 8.363332
-3.957892 -7.220369
11.694864 3.165731
-3.555090 14.624342
-8.031637 -2.911501
7.818453 12.663899
-0.248893 -5.524682
0.198627 -1.992775
12.560331 7.667722
6.919309 2.456615
-17.861106 4.522398
-18.266292 14.344389
-11.791883 2.445991
-6.884101 19.541841
14.880360 -6.844597
8.381463 -10.215028
19.133631 1.696732
6.003039 5.097750
-0.652708 5.527446
-2.424755 18.648256
10.638368 -9.576630
-4.312480 18.409494
1.694295 5.654659
-8.568434 6.597886
-2.614878 -3.073934
16.748055 7.772990
2.743981 7.920883
0.257718 2.573558
0.471789 5.974914
-11.529470 7.100547
-8.999101 -3.450486
-6.062810 -14.117235
-6.231265 -6.565024
15.498001 -2.116433
-13.691133 18.382501
12.734093 -9.280321
1.787554 11.549350
-19.187496 -5.077361
-11.468934 4.813376
-17.557450 14.047177
-8.590533 -11.741291
-6.181972 3.649507
7.409447 7.252429
9.238749 -19.500348
1.567097 1.134266
0.731662 -19.491698
-6.092277 4.824435
1.106737 11.997640
-4.151059 3.560406
9.067955 10.247138
-11.388678 -4.507825
5.749079 -3.443448
2.561029 7.355665
-18.168524 -8.905208
12.983451 -7.955086
8.866545 4.666310
-20.342779 -10.525425
18.930064 -15.809417
0.467699 -5.613134
-1.804385 10.670882
-16.562236 2.096621
-4.597100 -1.182824
4.892828 4.049909
-20.000589 -14.789603
-3.122444 -5.379508
5.082391 -0.220043
9.968475 8.643230
-7.289610 -12.071383
10.462671 -4.262605
-6.718015 1.217432
-0.539909 7.981101
3.417615 7.873416
10.492254 6.595015
-6.038991 19.772422
1.227190 12.645872
-8.249041 1.463513
-11.875712 -5.514606
-0.155584 1.942450
3.007971 6.390873
-5.551377 -15.047371
-18.267365 4.392856
-0.623237 6.478923
-14.443620 -11.292613
18.427739 -1.799994
-1.091614 -5.737067
2.960294 -1.664882
5.025581 -16.533462
-6.087027 -4.128641
1.317583 7.845500
0.903339 -2.404881
-3.745501 5.340936
2.843939 2.030901
-14.095764 -8.079472
-3.830437 -13.718452
8.397543 6.057875
11.150237 -17.457003
6.137722 5.915164
-7.717470 2.005459
-7.310935 -4.824463
23.988745 3.804713
10.246761 4.434032
-4.488896 6.891718
-3.755479 13.289586
-0.309328 -4.420699
17.776836 -7.483955
-18.646315 -15.822185
-9.229318 10.584456
-9.227024 -11.231793
-10.249359 0.774282
-2.292440 -25.259795
-8.372152 -18.220835
-20.796402 -12.043619
-8.046825 11.367120
-10.288856 -7.393492
15.715277 2.042372
-13.136084 5.565426
2.638799 -6.072216
-0.430189 12.398299
7.424241 -22.145307
-2.006426 0.663067
-15.349709 -5.369287
0.464326 14.741260
-17.494816 -4.939209
-6.353738 0.664946
-2.240882 -10.352208
-11.357916 -3.637257
14.405225 -0.210925
-3.360838 -22.954692
13.589802 -4.793477
15.783667 0.080471
15.187470 -12.285687
-4.520981 -16.680976
-8.233767 -12.693680
-13.819507 -11.515677
-21.738566 10.473872
-11.404796 -9.356177
3.331958 11.552991
-6.536796 -2.290591
8.531859 2.852870
0.413070 7.368724
2.254971 4.943284
0.294589 10.802099
0.777076 -19.856698
-8.445003 -17.437389
15.838970 1.983653
-8.748201 -11.790512
12.695666 -3.775978
-1.166854 -2.491614
-3.497821 -11.187258
11.406511 -7.358022
6.862870 17.906227
-3.993660 7.822273
-10.615073 -17.652166
7.479874 10.959864
22.907589 -9.062425
6.037945 9.803270
-17.649258 2.692222
1.863502 6.550957
3.489073 -8.678750
14.575442 -15.698621
1.907843 -12.960104
-5.759988 1.611248
-16.679346 4.824252
-5.764195 -8.155979
9.822354 -8.017980
8.410243 -12.992267
-3.609822 3.671240
-5.776028 16.628873
12.899539 16.851138
-0.887935 9.278591
-14.137364 -12.152301
12.612284 17.784969
-2.337080 2.038268
-3.977056 -13.953077
-4.190430 11.709260
8.825818 6.092314
12.137103 -15.118473
-5.533011 -0.422410
1.929055 -1.231566
12.238088 4.124619
-0.668953 2.818115
-9.058047 -3.717649
-11.890743 0.286126
4.509497 -11.797193
12.479570 2.364333
12.790845 -8.710953
-8.143944 -2.267404
-2.989458 22.077803
-6.529971 -8.597268
-18.284818 -10.667789
-14.114271 -12.695190
-0.358252 -0.210849
8.256159 7.123194
2.073219 17.044632
-3.804165 -9.146877
-nan -nan
3.449993 16.340984
-6.509812 -16.826737
12.269521 11.793520
-2.024750 7.819171
8.882672 -7.066857
0.730396 8.084321
3.301380 17.139477
-14.877938 19.446120
6.082506 4.886621
-14.636894 -21.951442
-15.839988 9.374631
-3.931573 -3.280629
-24.376982 5.771589
8.883845 -1.861643
12.326424 -6.155695
2.384030 4.501730
0.729552 -8.449348
-10.594162 -13.657332
19.044140 2.071273
-6.502362 12.187200
-12.264554 -14.972326
7.496658 3.976198
10.947993 7.426964
-16.175291 -7.468520
16.847125 17.084276
-21.934276 9.378211
-6.709438 -10.957236
-4.913408 6.566996
-9.213267 1.603644
16.309265 17.588983
-8.850316 -10.663617
-0.220260 -13.464852
5.235963 12.022922
1.515499 5.897895
11.047586 -6.397205
-8.822891 -20.357892
14.956131 3.971076
12.274635 -8.990067
2.632045 -5.818517
8.340226 -14.844573
-4.689591 -9.444844
12.953021 -7.695809
-11.605642 2.848191
2.134114 3.802333
-3.194297 4.406328
-18.749332 14.673096
-2.574344 7.569200
-9.641108 11.025377
-13.698524 3.232329
0.684297 9.146976
-8.267747 11.489780
1.326643 1.079807
3.983081 2.076248
-4.256246 16.426481
1.975926 -13.233869
2.470306 12.438337
2.891797 -5.734842
-18.580965 9.151905
9.858486 4.703952
-1.185202 -2.222144
-16.878658 18.750424
-10.909868 -15.564343
11.021337 3.603630
-8.205126 -17.049570
-12.889201 -1.295097
9.720436 -2.681336
8.119365 19.139713
-2.255554 9.211706
0.436955 -8.003717
2.616629 12.820537
-nan -nan
4.547047 16.519850
-5.760431 4.201292
3.385879 14.183300
4.697543 6.353817
-4.020285 -3.601120
-0.261223 9.561736
-4.013636 -5.349564
2.028865 1.889391
-14.504564 -5.707474
-11.243486 13.655105
-0.238265 14.805392
0.700774 21.048159
-5.648522 -9.268619
-3.569176 11.694071
9.593915 16.469100
-11.213749 5.061635
1.351904 -14.880667
18.408358 17.326300
4.537038 3.598842
1.115647 -16.814127
4.470818 -4.501919
-7.968134 -21.492092
-8.002634 4.620709
-18.339134 -15.787314
4.381839 17.042975
-17.826719 -0.879877
6.112854 5.039206
-4.321694 11.981632
12.721809 11.838165
2.992294 -3.752002
9.092054 1.349292
13.880600 -1.534284
-26.178765 1.737753
8.646861 13.614189
1.919448 7.077184
-11.565662 -12.056316
22.456614 -1.732486
8.950813 -19.872201
-1.265062 -3.991501
-5.306907 -17.541781
15.887802 -0.601964
17.487157 7.804470
-9.482015 -11.159317
-10.441104 15.014295
4.147546 -5.155408
0.001155 -12.393969
13.157244 17.517605
5.217045 -12.344898
18.233892 1.681938
-2.308538 12.799535
-10.978692 -10.010767
8.841463 0.324303
-8.269339 17.272381
3.022697 10.002013
19.070620 17.022452
9.097907 -6.990485
5.305900 -13.821047
-6.461161 10.823149
7.747732 -8.028115
-7.830520 -18.979970
-10.936077 -3.077452
14.968061 1.332408
-6.307783 7.991318
3.106195 14.338284
0.944155 -12.107874
-0.883501 -16.347517
2.818474 -6.034787
-9.384060 2.491632
3.510815 1.095136
23.600548 -7.393651
0.687597 3.969126
-4.590013 -11.207234
-0.389261 1.809888
0.616131 -15.434662
-13.837620 -6.640165
-2.498109 9.627763
0.875566 3.803283
18.046364 16.502742
5.347449 7.832348
25.084912 1.207411
-5.874611 8.094264
-9.376477 1.521362
-0.315698 7.801196
-2.729104 -4.483591
20.799722 -1.069312
9.665262 -1.517175
1.122093 -2.585720
12.907579 1.512261
-4.332631 -13.931599
3.769847 13.007421
-10.876171 -9.448761
3.528836 14.626092
-5.635044 -7.628857
-7.047111 -16.457019
19.239514 14.087252
8.130750 1.639469
12.098892 5.330121
-18.366773 -18.813213
18.132293 5.053201
-1.924664 18.294114
5.235574 -5.374055
-8.076972 9.914259
8.948494 -2.841204
-1.821890 10.388776
-10.364018 -5.134607
10.370187 3.198913
-0.725623 11.117531
7.027279 6.061030
-7.961334 11.590284
17.772524 -5.317068
-14.754990 0.359455
-4.237624 11.867024
11.297654 9.272967
2.608129 -11.061373
-4.755526 9.424218
-22.137302 -0.675596
-13.071873 13.149682
11.000576 -16.357628
-6.737522 16.135084
11.759245 14.209765
-0.181542 -22.012800
-8.477051 -1.687392
3.023160 -0.488456
-6.409000 5.218228
7.911427 -19.699960
22.588099 -4.867751
-2.714877 11.009661
0.634218 8.824695
9.060592 -2.823018
9.284024 10.509314
8.134327 -13.766529
-10.191161 5.765218
0.737254 -5.244284
-5.258998 -5.877088
-5.503011 18.544437
11.236619 -15.799966
-12.655591 -2.463217
16.009863 -3.008893
-12.547248 -16.218320
-6.172451 -20.337560
-9.826156 14.692887
-9.969762 14.290183
-8.498417 1.137544
9.147163 9.094524
4.691526 -19.668946
-1.136187 -12.233937
8.598485 8.270523
16.358372 6.000007
-8.609419 10.064318
-8.483068 -12.266431
-4.040621 -9.324937
-8.048375 -14.944830
-0.833238 7.055762
-4.497694 -4.137326
-5.465005 14.333199
1.640466 -13.168536
-3.541038 10.431520
-7.614793 -4.216158
10.309890 6.254854
-14.911762 -20.381754
-11.391453 -7.931811
-9.915922 16.497155
-0.160244 1.338979
13.771615 -1.141700
-8.498605 -15.014096
-5.267984 11.700401
1.022549 -16.265167
13.240952 12.071444
-2.996611 -23.473819
-27.982336 -0.836816
-4.907373 1.968417
9.752569 6.194822
19.232410 -5.051533
-5.352554 18.924192
-0.526370 16.732838
0.772874 3.398140
-9.019641 7.555178
-14.081822 10.535024
-15.662090 -9.658194
-10.591670 17.402560
9.085484 6.280358
-15.890859 -17.897610
-11.384648 0.725073
11.489103 -11.451567
2.791643 -3.956727
-11.072627 -0.403120
-2.172868 -11.709533
13.169911 10.050804
-7.240325 11.057667
-8.329968 -11.435067
8.474624 1.810401
-1.285058 6.714761
7.689481 0.826129
-nan -nan
12.838139 11.507389
2.486625 -5.282225
-0.592097 0.363517
-12.606212 -10.368768
-2.657134 -1.996766
-19.075369 -0.590836
3.976772 7.866967
8.958697 12.393772
-13.678104 9.988325
-5.592646 4.454985
-11.437556 -7.649433
-3.373147 -6.440000
8.740923 7.453177
0.625396 6.145968
-3.229413 18.160536
-7.467183 14.678196
-4.073341 10.696298
2.000496 -14.070132
12.268934 16.013873
-7.733351 -0.435556
-12.849594 -6.929852
16.797850 -5.898974
5.638342 -1.329604
4.605710 6.563795
4.131600 -5.728287
-19.690754 1.285849
6.442148 5.012637
4.310960 12.939448
-15.959164 18.687957
-2.580722 -15.151466
2.323284 -14.896507
8.957760 -5.126566
-12.518460 -4.742800
-11.352162 3.161884
13.071383 -6.667478
-6.523655 4.725495
17.668416 -9.154824
17.296147 -12.026881
4.292569 5.869463
-4.458914 -2.960540
-6.338007 2.271748
-19.626222 -15.582645
1.654561 -9.236678
-7.509180 -14.475277
11.585036 -26.448684
-1.802820 10.170675
-8.507906 6.293758
-1.355960 10.958465
14.710028 8.973199
-19.211587 -7.781293
-6.280198 21.212267
1.963608 15.113549
10.764106 -14.389126
-9.870347 -11.450609
0.836073 11.731665
4.845025 9.752181
7.600112 9.801012
3.661522 -4.703046
-0.261917 9.756949
-16.083927 6.710739
-10.221597 5.438680
-11.449339 -8.256271
-1.496722 -13.121543
-8.053103 -3.484741
-nan -nan
15.572359 -2.246841
-1.144511 8.618697
-13.007479 -10.857286
-4.469815 -10.422587
-2.276532 13.559223
-13.343673 14.962271
-8.107664 -3.314428
15.407971 4.762016
-8.702800 13.612361
-15.138307 11.223791
-2.297642 5.368239
2.364354 4.767818
-9.560654 14.838011
-8.473788 3.353418
10.523022 9.788398
3.527412 11.486429
-17.258094 3.336908
-2.469705 1.991108
-11.119013 -7.690289
-8.773550 -6.124523
19.072578 -5.166498
-7.829061 3.192118
-9.361895 3.053779
18.150271 0.056391
8.077440 -6.301511
-6.776169 -3.471986
-10.985266 -9.704190
1.078390 4.524162
-15.777246 0.521468
7.562912 16.376246
8.905570 -2.251023
17.029746 1.657914
13.357490 11.040811
8.395079 2.626368
12.365839 -7.335290
-7.490005 11.485267
0.113456 -5.473909
-6.044987 0.283573
-1.701252 7.334037
-3.466269 -21.897819
-1.189644 16.872415
6.533193 -12.250247
1.669639 7.218872
-5.592205 7.173240
0.902789 5.994540
-16.266531 -19.821790
-14.281944 1.395458
-10.091375 -13.083715
-3.129978 16.287815
-15.667093 8.954693
-20.925394 5.982237
-12.274579 8.526538
-16.328720 6.697428
-15.609421 -1.526412
4.410532 5.142613
4.980628 -8.873191
24.550791 -0.745948
5.169584 8.531198
-14.925472 -14.069581
3.417333 10.417236
9.207155 -1.073639
-7.816683 -18.124468
6.469312 15.490839
12.017605 13.885139
-8.525337 4.006464
10.605344 -3.794599
-7.714610 -14.561445
4.743965 -11.782534
1.661322 7.235974
4.572089 16.155930
-0.551621 -15.078668
-6.261783 21.074670
5.874454 2.450310
-0.082391 9.245722
20.626747 11.638259
6.166562 -0.065334
15.066556 -6.313316
-5.112876 15.800656
10.571607 -4.153736
12.470025 -9.238569
4.738117 -20.531154
-17.095179 7.653369
-17.941891 -5.347726
-24.054850 -14.420283
9.904819 11.940058
15.216737 11.054530
-8.634949 3.476546
-3.074875 -3.084085
-13.692224 -5.305629
6.766658 -13.656450
8.536454 5.619423
1.737044 1.241707
1.346349 -28.437862
-14.974389 6.446097
-4.411440 11.844725
3.660718 13.307018
25.060922 -10.352815
8.358999 -13.674774
0.734713 18.857160
-23.697530 7.241290
0.961655 2.892073
8.274484 13.964626
-5.220140 10.413191
5.075553 1.214063
-5.733738 5.544091
-2.491363 -4.664417
1.596332 12.448981
-20.054758 -4.755650
14.239736 12.240482
16.869044 4.921810
-13.929210 -15.049584
1.694860 -5.560950
-3.113872 5.096638
13.304354 -7.531907
16.490965 -18.851825
9.344942 14.431047
-6.112098 8.176795
11.515589 11.703173
-10.429327 -9.351911
4.741630 17.839718
11.897828 2.769292
13.648823 5.623571
14.050412 -8.580269
-2.247212 -11.432983
1.577336 -15.350381
12.359601 5.775813
-7.641664 2.639252
-0.323235 10.208776
9.685798 0.631690
1.705752 18.368988
3.885688 -7.166006
2.919322 -11.087972
15.830865 11.835857
-11.752912 22.185692
11.570679 -2.655194
0.119303 -13.876672
-0.989209 12.295635
8.426030 -8.125905
19.737671 -11.858428
-1.288039 -3.882417
-7.259924 -4.311017
2.199204 2.416347
-10.528312 -10.791186
-2.927042 -15.966720
1.742704 -5.261926
12.830698 -13.096960
-0.001995 7.306215
1.815194 7.353468
-11.568636 1.818255
1.430259 -16.229069
8.053155 -4.311578
-6.309571 -12.048104
11.039012 7.580684
-19.809298 -2.003139
4.825610 19.611271
14.658693 13.071349
4.307762 -0.140142
8.800837 0.493867
8.421106 -2.172098
4.915390 -13.835787
-1.557558 8.899496
-5.997959 13.246669
-5.402027 -15.568970
-12.423864 -10.423610
10.020059 5.795296
3.089321 -8.612663
-15.942041 -13.483260
-23.395355 -11.849695
14.651313 4.962417
-10.319238 8.958752
12.697653 -1.288363
-16.013115 -22.218814
0.313745 -9.688068
1.173205 9.201596
0.877104 8.556755
-0.939307 9.031209
11.559638 1.244945
3.719415 10.539813
0.248197 -11.805665
16.716240 5.502059
-0.670714 15.322057
-11.068406 1.419697
-12.179932 -5.185863
-8.204966 -7.539617
12.409896 12.109214
0.045662 10.686613
-15.663703 4.308133
9.283761 -7.473613
4.852776 15.469513
4.148282 -4.938105
11.341482 8.815641
-18.028988 -14.302895
-20.051560 -8.493440
6.042145 0.706091
19.400809 3.525971
-3.044692 -1.122919
-11.432960 -12.886553
3.133573 -3.059038
10.910840 12.669635
3.702159 -0.592783
-4.664896 4.386441
-7.293806 5.056779
0.184770 0.497242
-12.694182 10.823683
7.689131 -6.338937
-16.616171 -4.468874
7.830695 -6.226284
3.201463 19.545727
-15.119862 -3.126165
21.328811 -13.508123
10.555860 -0.394219
-1.813517 -9.475872
-1.358461 5.652531
-13.481650 3.452372
-8.897875 1.184209
-2.878678 8.663005
-10.009993 -4.478132
14.979483 -4.000592
2.442821 13.757567
-21.790840 6.866938
10.769836 19.303719
-11.549758 -7.239689
-3.606399 12.887353
-0.869601 -9.237977
-13.530382 -0.066680
2.417847 0.811564
11.894983 10.473789
9.070472 13.849211
-9.749826 -19.976231
-4.785691 -2.614245
7.336147 -14.923350
1.108779 9.722412
-1.290072 -7.964399
-9.156737 3.732075
-10.933252 13.168218
5.274357 12.733975
22.878411 1.014884
9.666730 3.638130
0.976809 -16.116999
15.489734 -2.642877
-17.025906 0.563821
-3.212579 4.844840
-0.748663 -9.207704
1.978355 1.597425
-10.226731 -5.352771
-0.265506 -1.249516
11.425818 -2.906403
-0.052327 16.904820
-12.627036 4.834092
5.382793 6.113981
9.515487 5.689712
-4.817622 -7.718291
8.881318 -14.960404
-18.820992 14.939675
20.453272 3.757022
11.624170 14.021826
-0.604903 -0.524049
-19.026678 -4.232831
-12.608471 -8.343582
-7.321092 6.885734
14.145723 10.175952
2.780425 -8.348389
-8.542881 -7.815115
7.351960 4.092977
4.389353 1.983828
5.641858 7.101614
8.273482 19.379044
-9.968150 2.805487
-6.087100 3.934201
0.602587 4.571104
-4.553275 -1.407418
14.045681 20.149899
-14.268294 14.649139
4.693272 7.496503
9.353210 -3.444620
-2.363081 -1.824140
4.269794 1.618134
-8.212945 2.290530
1.507255 20.570564
-0.114647 4.706535
12.564027 -15.570857
-2.538592 5.569356
19.684897 -14.491448
2.300667 8.018490
-9.230068 11.286780
7.383749 -22.552767
-4.908443 2.121578
1.004686 12.958131
-14.892017 -1.003831
9.513327 -12.032920
8.757833 14.004028
10.624865 3.546227
-5.079483 4.072133
4.948113 -16.198462
-1.641805 20.316120
12.551795 -2.460503
16.036436 14.280676
-5.875856 15.851197
-4.119350 5.484266
11.559556 3.857530
3.608498 -11.860767
-3.614313 3.057316
-2.907405 6.914161
6.971684 -6.395044
8.447387 4.273073
3.411529 -1.927810
16.698733 15.227332
5.484231 10.161124
-18.557272 9.618644
-0.459443 11.344635
-6.011433 10.337291
6.986988 6.996923
-10.547626 -14.118361
4.587489 -13.779168
-7.563271 8.969253
-0.599882 0.816495
-10.190160 -19.943172
-7.184706 13.798840
4.188225 -17.868179
7.580553 14.290196
-1.174496 16.072956
5.486067 -8.626036
5.690399 4.154531
-4.693152 19.971800
7.675551 2.538098
16.508828 16.641928
0.519679 10.527138
3.927228 -22.774709
-2.962145 -27.202786
-7.263344 10.044197
-13.625412 8.681038
-10.650112 1.299978
-7.992847 11.675133
-10.240737 -1.275875
0.398588 6.186707
-7.749540 16.544326
13.596214 -1.176500
-10.190872 -4.334292
4.525632 -10.437039
-5.529061 -14.137137
-14.345917 5.174201
-1.205635 3.799120
1.878816 0.070355
-24.315151 8.336810
-2.335068 13.374400
-9.888276 -15.789210
16.617922 -4.417480
3.560031 -4.031076
-11.301475 -4.465830
-1.715562 1.344459
-16.683518 -5.243967
-8.770728 -3.394452
1.682771 11.893331
-23.473973 5.454401
1.875759 13.913008
10.908398 16.642049
-12.419827 17.693631
8.811945 -9.794246
-13.053097 0.994497
-0.593711 8.989098
-5.195568 18.714745
-11.193528 -5.764622
15.467687 4.294112
-11.531080 2.717324
-3.810401 -1.099823
-10.571933 -10.166740
17.964738 -2.864873
8.208236 12.821640
-1.117843 -9.119026
1.379629 2.340736
11.159206 11.421697
-4.925730 -0.264686
3.004024 -7.278420
7.163261 1.074511
-7.521758 -8.009470
6.522795 15.286357
3.427716 8.499467
-8.691096 4.811271
6.056545 6.159457
6.631258 3.037245
8.487152 1.678770
-1.287997 -3.154353
-2.254553 -5.638808
17.326702 -14.587837
-5.158420 -0.291764
-0.811605 8.167365
2.371325 -17.102684
-16.301393 -1.182857
-2.688092 18.978823
-3.499287 -13.317402
-1.028910 -11.861146
12.412448 -0.379560
-12.391154 -16.319536
-12.876534 -13.887632
5.299434 1.724923
-17.872017 9.901972
-9.305068 -8.631684
11.515719 12.583853
-4.656965 -9.725553
10.065927 15.982857
-10.919784 -11.177534
-4.415702 2.028391
15.088907 1.495510
6.952040 -2.367760
10.208510 17.064257
13.788781 -4.245252
1.652715 -7.780448
-4.672653 12.877044
9.358875 1.066545
-20.504574 -6.449539
-9.637362 10.504627
-4.890371 -14.748792
1.822419 -7.959885
-6.527295 -6.107371
10.159172 -19.841796
6.417053 6.125218
-3.150481 15.866302
-16.532401 -12.360967
-7.372970 8.945208
-1.201258 9.513821
-18.018955 -2.828499
-3.205233 3.202431
5.960432 13.348252
6.574888 6.642300
-14.834084 8.646566
9.262317 -13.622744
-21.220725 -2.232410
15.141261 10.027073
-32.380776 -5.617924
19.989431 17.515778
5.456007 0.642299
3.486425 12.968348
0.247897 -18.094886
6.216507 7.311555
5.033441 -6.482366
4.460076 10.609357
5.037308 -8.904026
16.355601 -3.995374
9.996658 11.263801
4.532296 5.971011
5.519564 -9.358705
12.167282 3.954699
12.080899 -0.453432
13.699673 7.166700
2.635410 4.901197
-4.268171 11.704733
-2.742207 8.578086
-1.409049 -4.457771
9.094904 -1.714019
-3.777176 11.750825
-5.489186 2.239183
8.710548 -5.012353
8.195143 1.104280
11.670219 7.754519
4.131618 7.812443
3.730320 9.144902
-9.347118 -9.953156
3.452826 -13.927326
6.206211 10.950290
5.361181 8.070307
16.544544 -4.788802
0.630829 -2.001349
-0.360115 15.820892
-1.577931 3.150970
11.517094 -5.457676
-3.298694 6.154299
5.527689 -0.770378
-12.301214 -8.543258
-4.422877 9.724686
-4.355901 -10.747205
18.865772 -12.575571
14.614621 6.171877
0.163732 -14.146416
-5.070238 9.872169
14.172198 2.717736
-0.768437 -18.588261
-2.783870 9.336676
-7.593596 17.236519
17.393020 18.643514
15.227103 9.128075
13.861683 -8.637037
-10.358338 -6.256023
-2.114203 -18.205425
21.217563 1.801714
-7.598498 -7.967230
-0.746240 -7.395511
-5.370687 -6.478341
15.080907 -14.114176
-8.073671 5.611538
11.737970 11.677145
3.872519 -8.765421
-11.334847 -3.046513
11.165419 -1.770421
11.443631 -0.642535
-3.377856 11.230705
-4.553296 -5.172987
5.645830 10.103493
-9.464836 -16.259366
-6.469752 15.302209
5.793235 10.334141
-10.503944 -16.148748
-5.754529 16.768190
25.590539 8.138458
2.248310 -6.885468
-8.288264 8.401784
8.750960 13.117484
7.478550 -3.672680
-0.699236 -4.988001
-4.021620 -1.537894
-15.704599 2.195107
-15.960699 -8.710177
15.682652 -4.841157
-2.580684 23.706694
-7.495864 2.370674
-11.629774 -9.334811
-0.307821 0.716160
11.300481 1.371271
-6.524007 5.331876
9.166698 1.385218
-12.613333 -11.036004
11.800414 18.138189
5.228515 -7.380613
-0.609004 3.380837
-8.313090 -9.684474
-15.345807 -14.499916
-1.294431 5.578897
-13.093839 -1.554007
-1.757463 -1.766738
-13.719056 -19.733813
11.334629 -4.574357
-6.133975 4.540903
18.524918 -3.752115
-2.747810 -14.942711
-3.664552 -13.199772
11.831512 0.526624
-9.081103 -15.446594
-12.543457 -4.210729
6.429297 -5.217971
10.580804 7.278021
10.546630 -7.584074
-8.946288 18.723514
7.572141 -9.707658
3.501259 3.168323
7.864819 19.870784
-3.870792 0.051570
0.738269 -9.993147
-12.284113 -4.884839
-15.829422 16.770026
7.891828 12.634149
-17.710220 -10.636957
1.650143 -10.325131
10.257075 10.157493
12.268899 -2.493961
-1.303599 -4.613318
-18.392629 -0.112342
0.540962 -6.499283
13.315796 15.275862
-11.352705 3.364325
-1.852633 16.082841
-0.032411 11.740784
-6.132301 -7.193838
0.503463 0.423790
-6.127025 0.259737
0.732724 2.957616
-14.224198 9.411326
-6.288999 5.318507
-2.671008 -1.354917
-11.900043 3.100481
-5.537941 11.639995
-7.339450 -0.223980
16.993094 4.188173
19.049341 9.957671
-16.995607 -4.440378
14.585596 -6.095375
15.365879 14.221709
-12.948569 6.794080
13.088287 11.396903
-4.720322 -1.252303
0.175980 8.397403
3.680384 0.603102
2.481515 -15.787487
6.716568 17.212216
2.902287 -13.782472
6.743182 -16.512044
-12.944897 -6.581306
-6.843568 -5.305299
20.830556 10.388199
3.264534 13.262985
9.565836 -2.069614
-13.778717 -1.692843
-4.927668 -13.684721
-11.017661 -0.743433
-2.568684 -9.432903
-2.337144 -16.436092
-9.041971 -1.874058
18.920079 -4.977520
11.238147 -12.605205
10.730596 2.007478
3.565375 -11.849350
-10.947553 -17.100047
-16.095024 9.583940
-12.270996 1.671648
-1.078398 -0.280070
-7.917205 -9.140424
5.970337 0.505250
14.893579 -0.724145
-10.787626 -3.971392
9.128996 17.714145
-1.852141 4.644783
2.741733 12.285863
-7.964765 8.017312
0.629094 9.359102
16.615424 5.430624
-3.933250 2.357384
-10.528872 -11.043097
0.666177 16.013479
7.238287 10.270958
12.017732 -4.551000
-14.918286 9.323815
9.205928 -20.336370
16.604988 13.530401
-0.704378 -16.559793
0.514644 -11.284945
-2.097661 -2.544210
-2.888655 -10.047068
-18.782220 -2.302463
3.665171 15.717410
2.455481 -2.986505
10.945522 -19.348296
-15.320574 3.491124
2.319286 8.774679
7.574145 -17.585608
-11.942594 5.063720
-17.150545 -3.181916
-1.280079 -20.268994
12.569714 -14.941899
-13.479014 -17.563922
17.592726 12.141531
-15.653857 -18.013241
-2.919684 4.171454
3.420822 -6.252377
-2.244809 5.046908
-9.843689 5.996659
3.819744 -2.077814
-10.046792 13.230077
12.214468 -5.231594
13.806017 -7.388447
11.311196 0.969862
14.343861 5.945332
5.154997 14.539551
9.966256 19.927206
-6.015610 1.166139
-0.209776 6.036862
-2.613626 12.444102
10.645696 -1.968799
1.229304 13.515714
0.708035 13.877343
0.561703 1.730053
14.871775 -6.053237
7.227125 14.063205
-5.362878 -21.222846
13.571653 5.593968
1.287653 12.870365
-11.685442 -10.411282
6.730952 4.165478
2.171693 18.528434
10.076736 7.478720
1.730725 1.201616
-16.438123 -5.222688
17.503589 -12.248092
-14.212932 -3.426752
-2.277356 0.295989
-1.636471 -12.311353
-15.300010 -7.124445
11.716457 6.816111
7.285031 18.290715
9.260860 3.009764
-5.854821 -4.111506
-12.545043 -18.718661
12.930519 7.606217
-3.582534 -2.603960
-11.430924 -18.385659
17.904709 5.882005
-5.750259 -10.574117
7.686308 12.190507
-4.557894 6.896812
0.815694 9.143269
-nan -nan
23.297979 16.546851
-15.889009 12.943357
-1.831182 6.794313
-11.823546 -3.762728
20.779939 9.930564
6.547450 -5.349713
-9.198957 1.115864
-19.342977 10.595805
-9.028733 -13.149428
8.396096 6.002466
-13.846770 -1.710542
8.076886 -4.586813
2.145875 -6.942360
-6.972926 5.929805
-9.965729 -9.896908
15.804588 -7.002135
19.647625 -0.268318
-8.173973 20.912777
8.134134 -6.772523
1.536941 17.284463
0.391364 -24.077596
-17.498927 7.014787
4.989958 -0.881182
3.566061 13.305997
-6.651367 13.152643
5.421078 -1.754484
15.291484 14.799235
12.603015 14.451551
-20.952215 8.561903
-0.931483 25.688496
-2.224617 13.234956
1.459321 8.407013
-7.730790 -0.582252
-7.239795 0.441735
-8.000517 -10.340024
5.797763 11.299186
4.401291 -7.215787
-15.856161 -18.085258
-10.557186 2.943332
-0.918866 -14.732457
-14.883645 9.687562
7.749310 13.467516
-7.492380 -5.529419
8.881670 -8.335416
-2.848323 2.552141
1.555442 3.187760
10.072641 -2.233372
-14.879215 10.969357
13.966975 -0.256266
-2.265085 -2.447708
7.640028 11.343697
-5.727567 13.805202
11.199998 2.894031
8.459647 8.023509
13.276878 10.399357
3.340405 8.129716
8.512409 1.633991
-3.508467 -17.545685
-14.173999 16.214138
8.822604 -8.500119
-5.995623 6.345822
-20.577808 -7.895943
-7.160461 4.440640
-9.316577 20.093129
14.380260 5.970828
2.364842 14.964867
22.128161 -10.375227
-11.182713 -6.320131
-13.243160 9.891216
1.453920 10.748459
-4.716158 13.060964
-8.609159 -3.984764
6.710157 -6.745567
10.292027 12.914048
7.888780 14.058847
10.259241 10.022845
9.024914 6.671771
5.673891 -13.747788
16.498268 9.329667
15.636942 -5.490392
-14.113232 3.808897
-6.257446 19.432303
-7.934274 -18.960608
-7.620237 -1.391991
1.839478 5.803455
-5.268374 7.157004
-6.757128 1.287338
8.876265 2.770860
-14.601512 6.427689
3.422630 -18.601880
-15.231550 -6.765580
-18.718420 7.581284
4.363516 -5.933712
3.896654 10.444005
-0.547095 10.954848
-9.085585 -17.211445
-8.449103 -10.763391
-3.080769 2.874710
5.192957 -6.146700
13.155293 -5.201786
2.459864 19.243529
-18.055500 -16.624942
13.479455 -14.253996
-7.080801 6.240988
-1.883858 10.197528
8.837006 0.665565
-1.182836 2.665335
-6.645791 1.563519
-18.141875 4.720408
14.464700 4.014286
4.842441 -5.563333
6.562606 -4.623258
0.020052 6.007543
-11.776438 -17.076703
17.632200 9.347033
-7.087859 14.875264
9.529391 7.985420
-4.006418 -4.940724
1.777757 0.873316
-6.509501 -5.237185
-9.379933 -18.111293
-16.248485 3.493853
-18.517631 -1.301511
-10.024303 -6.609096
12.043990 -12.325262
-17.336389 -0.710275
-11.250153 17.438127
14.236046 9.361760
-3.426096 -21.420904
-8.931824 -4.197897
16.273731 13.107607
-17.615959 7.657593
-5.433412 -10.814134
-19.125340 11.972125
10.672171 12.849728
-7.718331 -16.335951
-8.787640 10.024652
-1.761440 -21.164683
-17.017554 0.976662
-0.835339 10.569588
-9.105310 -3.648122
1.968610 -13.584541
-4.453903 4.176608
-3.327757 -2.357432
-1.918140 -17.229105
11.634131 16.114444
-16.467788 4.602077
-10.407975 -1.976071
5.906871 14.651041
-9.133211 -11.782295
2.439750 -8.764450
-1.924390 -2.275517
-11.154396 -7.682727
20.934598 11.609960
-4.431838 -9.506575
16.665419 -3.587645
-16.152420 -0.501214
-15.066784 -2.647659
5.343106 16.653552
-15.393917 -16.396876
11.227364 -4.075682
-1.443549 0.282649
-12.920432 -2.258863
10.088784 0.282426
-6.407444 -13.095381
-1.918971 2.338413
6.886441 -13.807176
-0.280364 10.912882
-7.721907 -17.668591
18.648556 -18.752245
10.324806 -10.163550
-7.818407 13.165343
-0.990814 -0.581740
8.267615 -0.453890
-10.116998 3.583787
-7.890264 -16.752521
-1.927717 5.525788
0.713179 15.439168
2.455250 1.748379
-1.925620 9.988154
6.516628 3.036615
11.373360 -18.466504
8.753900 -8.222632
-14.501282 -3.015730
8.950169 -2.542034
-17.836945 12.379991
22.221410 1.854031
5.737683 8.109953
8.190807 -3.234774
8.577445 2.513741
10.190600 5.867824
7.288329 15.100075
10.837260 4.373641
-8.307951 2.087319
13.622653 -6.683418
-5.768700 20.368332
14.758241 14.810659
23.771981 4.110185
2.072552 6.578230
14.083944 19.131438
3.316121 -5.532469
1.761856 10.322984
-11.648082 9.478963
4.325385 12.424071
-5.379844 0.638857
-2.684085 5.850161
-12.281762 -1.942654
15.292358 -12.196900
8.462301 14.117148
-0.400779 22.100399
3.816839 4.738225
13.311246 -4.319956
1.090051 -3.433133
13.119610 13.699700
10.046631 0.274229
1.114266 9.668394
-6.582188 9.689650
2.815220 -2.809780
-15.902356 13.487862
-27.895392 2.873023
-10.913213 -11.436948
-16.820073 1.916205
1.031473 -5.436848
13.513118 -10.141975
1.590194 -2.015410
2.864788 18.187051
11.135031 2.097822
16.019173 17.013009
-3.761229 -16.940072
5.841037 -6.614049
-8.792991 18.837801
-0.430636 9.515988
-11.040135 -15.965650
6.480845 0.818188
-8.574847 -13.257794
4.874617 -18.626173
6.612373 10.473316
9.604132 -8.949025
3.500000 9.500000
-0.158621 -16.096552
4.458401 4.044046
-7.773585 20.792453
4.037736 -15.132075
16.695893 -10.876804
-nan -nan
-14.000000 -5.000000
17.000000 8.000000
-12.462069 19.455172
-15.272997 -5.596439
-6.338686 -0.531387
11.339623 -1.811321
15.941176 -11.235294
-4.306288 19.501014
11.950562 0.080899
6.988166 13.171598
-10.548843 -2.116967
-17.000000 11.000000
8.551724 -13.620690
-7.331034 -19.627586
-1.933156 8.582493
1.581081 -0.013514
1.520710 26.449704
14.615068 -3.393151
-6.385269 10.181303
10.780488 18.024390
0.538462 -7.692308
-11.520000 10.640000
14.038029 -15.292999
-18.540541 4.243243
8.525478 13.213376
2.923077 -15.615385
4.819672 15.983607
17.294118 7.823529
-14.916107 5.191275
-7.002062 -2.045361
-3.600000 12.800000
-16.030717 2.238908
-12.986301 15.369863
-14.170984 -6.849741
3.260054 -5.045576
-12.215385 1.276923
4.652941 0.311765
14.300000 4.100000
5.077647 -0.750588
-14.601156 -4.907514
-12.551351 8.291892
-14.189189 -1.135135
-12.403651 -1.626775
12.593462 -10.616094
-11.049180 -8.540984
-9.630137 -19.986301
-17.199630 15.380776
-3.000000 -3.000000
20.000000 -8.000000
5.033161 12.513990
11.890869 15.311804
-13.988235 11.447059
5.800000 4.600000
13.000000 -3.000000
-17.235294 -15.941176
7.498270 18.934256
3.961538 21.192308
12.640000 7.520000
13.178499 -13.975659
-7.500000 -7.500000
-6.675294 -9.138824
12.500000 8.500000
-7.154013 11.607375
6.689988 6.262967
-8.000000 -19.000000
-0.038540 3.361055
4.269231 -2.346154
-7.000000 19.000000
-9.487552 6.703320
14.152000 2.664000
0.427692 -19.378462
-2.058824 10.764706
6.902439 -18.878049
-8.298422 -6.391679
-8.113402 -4.494845
-5.558904 0.909589
-15.000000 -20.000000
-9.094340 -0.830189
-9.500000 -8.500000
-14.307692 4.538462
10.500000 16.500000
-11.500000 -2.500000
-14.424138 20.210345
0.103448 6.758621
-2.200000 -4.600000
-21.820225 -7.112360
-11.265753 12.175342
15.905660 6.169811
-10.879373 7.325694
1.038462 -16.807692
-1.800000 -4.600000
1.616514 -0.655046
-8.914591 21.526690
6.000000 -3.000000
0.000000 7.000000
6.886598 -2.505155
1.477520 -2.961193
-3.040000 -18.280000
8.341176 -1.035294
-8.700000 0.100000
0.773300 6.282116
-17.328706 -5.853970
13.094340 8.830189
17.823529 -3.705882
-6.000000 -8.000000
0.541176 5.564706
0.120000 -10.160000
-15.000000 10.000000
17.152284 17.868020
-4.574572 0.836186
12.800000 -7.600000
4.188525 2.926230
-5.861386 12.613861
-11.649097 1.745848
10.440101 -4.389660
16.300000 6.900000
-19.242353 10.049412
11.054054 8.675676
-14.880000 -3.840000
-8.423529 -2.505882
-6.101420 1.628803
-5.364253 -7.119910
-6.434862 13.249541
-10.975610 4.219512
0.490566 -7.716981
-6.413793 -12.965517
6.500000 7.500000
-0.715026 -12.082902
6.576923 -2.115385
12.565092 -11.489875
13.552000 6.536000
-6.027523 12.091743
12.010118 -11.220911
-7.528504 10.673397
-2.611168 12.843655
2.263989 -12.787661
-11.900000 -5.700000
4.200000 8.400000
13.692308 -14.538462
-3.246154 5.569231
-2.602524 7.687697
-5.360000 9.480000
-6.024390 15.219512
10.755187 0.331950
6.187773 6.908297
-8.058824 -11.235294
-8.389587 -1.028725
10.300000 13.900000
-18.037736 -3.867925
8.300000 14.100000
-7.214008 17.424125
4.336100 -12.510373
-10.200000 11.600000
-4.799150 -13.517535
9.486486 20.918919
-9.600000 -14.200000
-10.679245 -6.377358
5.880412 0.430928
14.900552 -21.889503
5.006799 -4.661928
10.821012 -2.863813
6.450502 -5.710187
3.218868 8.033962
-5.190769 -11.566154
-2.607390 -2.277136
-16.938462 10.492308
4.000000 15.000000
2.076471 8.994118
18.060860 7.900315
-15.087591 1.240876
-1.600000 8.200000
2.157205 -13.179039
7.969072 -0.319588
13.095023 -14.533937
5.923077 -10.384615
16.471220 -12.079024
-8.920354 -3.805310
12.500000 5.500000
-9.299492 -13.807107
6.284615 -11.223077
-11.741379 16.396552
-8.400000 -0.800000
15.235294 -11.941176
-12.435331 26.627760
10.500000 -1.500000
12.706509 -21.655621
1.847059 -10.188235
-9.003071 -10.773797
3.858824 7.364706
-14.320000 -5.760000
-2.031142 -14.183391
4.800000 -12.400000
2.597510 6.759336
1.414358 -10.104534
-6.996552 16.058621
-11.351828 9.716267
-5.645283 -0.841509
14.141643 9.050992
0.269663 1.168539
-20.086792 -5.203774
7.594891 0.010949
7.085603 0.369650
9.308725 -1.583893
-5.140784 2.069666
11.647964 -13.654299
-6.163090 9.484979
-12.180000 -5.740000
-10.359551 -10.224719
-4.921090 3.583931
-5.895928 -7.891403
-15.112490 4.882855
8.862295 5.085246
7.377049 17.852459
-15.393443 8.327869
-6.892308 8.061538
18.200000 4.400000
13.037736 -4.132075
-7.748472 4.313537
11.917978 -17.888764
-16.524590 -6.229508
1.990164 -12.308197
1.649066 7.966516
8.000000 -9.000000
10.000000 -7.000000
-11.685393 3.696629
-5.353659 -10.817073
5.360000 -4.520000
-13.153846 18.769231
0.568123 -9.665810
-10.918195 14.853315
-4.000000 -14.000000
-12.231034 -17.072414
-5.810198 10.028329
-10.546263 10.951957
8.000000 0.000000
4.517241 9.206897
-3.560000 4.920000
-9.896552 -5.758621
-6.830769 17.353846
6.501114 -17.425390
0.639623 -5.088679
-8.438356 10.164384
-2.112195 10.590244
14.607963 9.586524
-9.230769 -6.846154
-8.362416 1.053691
-6.500000 -12.500000
-0.215385 0.276923
-6.141509 -8.745283
-7.834842 2.468326
0.155172 -17.637931
0.906200 4.327504
7.603774 18.113208
-19.840000 17.120000
16.885246 -2.737705
-1.764706 12.058824
-4.800000 -4.400000
15.264151 4.924528
-7.134483 -6.886207
-13.554795 3.979452
-10.642023 -18.272374
-18.860349 -1.206983
-6.000000 6.000000
3.766257 -7.898067
6.330317 9.475113
14.660000 0.380000
0.376658 12.366048
2.000000 9.000000
3.137931 21.655172
-1.735294 7.558824
-21.382353 1.029412
0.549505 -9.995050
5.191011 -1.494382
5.240000 -4.680000
16.203966 9.566572
-15.165854 4.692683
0.103448 24.758621
6.554140 13.484076
-9.850679 -7.018100
-22.487805 -3.390244
10.353982 -6.309735
21.738255 7.483221
23.649438 0.119101
-8.400000 4.800000
-7.601036 -1.683938
9.869412 10.262353
-5.692308 -16.538462
-17.675676 -7.054054
-6.243243 3.540541
10.803940 2.995310
3.278689 -19.065574
-5.372014 -11.662116
6.531148 -9.242623
5.800000 21.400000
-14.923077 -5.615385
-17.629412 2.582353
-7.704918 -1.754098
10.200000 14.600000
12.169231 -12.953846
-19.238938 10.584071
0.690504 1.937866
-1.705882 -9.823529
11.052402 5.393013
-23.600000 -2.800000
11.670588 -1.717647
3.380000 -9.660000
7.000000 7.000000
-21.798817 -1.082840
11.000000 5.000000
0.942069 10.784828
9.321267 18.746606
-8.484089 -7.854388
-1.480000 -9.360000
5.600000 3.200000
9.424000 -19.168000
-10.094763 -0.895262
-4.072206 -4.579943
5.576471 0.905882
8.126829 6.941463
-12.000000 14.000000
-7.880200 8.024958
-6.861368 -7.791128
-12.346154 -6.730769
-3.017065 7.645051
-13.888252 -6.802292
7.408246 4.902183
-11.153846 -11.769231
-3.034146 -15.907317
-13.184013 13.016653
-9.400000 -11.800000
-0.446339 -3.860582
-12.131599 7.391078
3.500000 -11.500000
9.100000 14.300000
-17.733945 -15.220183
-12.000000 -2.000000
-14.734499 -9.289348
-6.200000 -8.400000
-18.949290 -11.961460
-4.735004 2.290958
7.400000 5.200000
8.886792 3.396226
2.548638 17.778210
14.721951 7.102439
6.454972 -5.017824
13.266904 -5.854093
-3.614731 7.818697
-9.200000 -11.400000
19.893983 9.418338
-5.540541 -4.756757
17.923077 9.615385
6.151685 -11.657303
7.769231 11.153846
-0.979866 4.114094
-18.068966 -11.827586
5.824621 -17.495784
-4.106101 12.496021
7.884615 16.423077
8.201663 8.559252
-15.070270 11.221622
-15.075862 -10.089655
7.000000 -16.000000
-18.000000 5.000000
-5.893401 -16.492386
-15.506309 -18.780757
-4.484603 -11.987034
-0.259386 17.795222
-1.167785 -19.617450
7.875659 1.895680
12.251825 -6.682482
-5.811321 -12.339623
3.083931 -16.774032
-10.928121 3.867591
-2.705882 7.823529
-8.153846 0.230769
19.266055 -20.220183
22.500000 -7.500000
16.044248 -15.336283
4.688083 -2.665285
-6.507614 3.106599
-5.555160 0.423488
17.000000 17.000000
5.637838 19.427027
18.549521 5.261981
7.541284 -5.862385
17.022819 12.404027
3.219512 -2.975610
12.469218 14.347754
-17.600000 5.200000
11.792079 7.920792
-4.847525 12.324752
7.862069 -10.655172
4.045852 -10.093886
-6.516854 -12.426966
-7.246154 -10.030769
-4.991537 4.187588
-2.000000 10.000000
-14.132017 5.907484
8.355631 17.581710
5.192862 5.354415
-12.200000 15.400000
3.327869 6.606557
12.370558 -17.812183
-15.332698 -7.729266
-17.283200 -5.542400
17.695890 -18.210959
4.931707 -15.185366
-15.132743 -4.008850
-21.905694 -5.001779
-0.911765 6.852941
10.000000 20.000000
-10.096317 2.954674
-7.930769 -6.253846
-5.058824 -2.235294
8.216000 12.312000
0.707787 10.519661
7.000000 3.000000
-2.303754 -10.081911
6.500000 7.500000
15.500000 -18.500000
-19.300000 -5.100000
-nan -nan
-6.453581 -10.904509
15.211765 8.952941
-20.000000 -11.000000
-4.000000 16.000000
0.384615 30.076923
9.314126 10.258364
5.286885 12.155738
2.400000 -5.800000
11.024390 -10.780488
5.482759 9.793103
3.593846 18.310769
-1.076923 10.615385
7.520000 6.360000
0.702505 3.008552
-4.241379 -11.103448
6.626943 -10.217617
3.086207 18.534483
-6.200000 -0.600000
-7.009174 11.302752
15.917431 13.724771
-8.917526 -12.185567
3.946575 -11.442466
-9.489924 -5.865239
2.738589 -7.730290
-6.945946 10.675676
-11.572453 -7.436155
4.963415 8.670732
-11.500000 -4.500000
6.393064 0.554913
-11.085028 -9.421442
-9.210059 11.204142
17.827411 -12.583756
-25.500000 1.500000
20.261750 16.720421
-1.087805 -7.190244
7.459459 10.243243
14.632432 -13.005405
-5.842788 2.499190
12.140998 -9.767896
-7.544146 11.874280
-13.115385 -8.576923
-18.000000 3.000000
7.088161 14.554156
-5.920000 -10.560000
-8.783694 -13.961730
6.896552 -19.758621
-17.756385 2.328094
6.167038 -15.191537
-6.616527 -19.254358
5.000000 -4.000000
5.000000 11.000000
15.439024 -3.951220
-7.000000 -15.000000
-18.806092 13.253343
7.000000 5.000000
-16.477157 -10.680203
-nan -nan
-4.378378 1.729730
11.482759 -3.793103
-5.000000 -2.000000
18.800000 -6.400000
17.133387 3.829426
0.035455 -1.748590
-13.975410 7.270492
-1.857732 4.870103
5.516245 0.974729
-0.160883 2.659306
13.400000 0.800000
2.489691 -3.273196
15.881657 11.715976
11.808314 -5.688222
-1.161850 -17.947977
-8.058824 3.764706
-3.578680 5.898477
0.234657 -8.920578
0.118557 2.108247
13.272398 16.120362
-0.398462 -11.672308
-7.495948 7.213938
10.275862 -12.689655
-4.308966 -4.492414
13.617834 1.299363
-1.298969 25.422680
-15.245779 -8.326454
7.633503 -11.530964
-16.309735 -14.646018
-10.862162 -6.927027
-8.400000 15.800000
-3.632847 19.584672
7.724832 -7.107383
-15.188679 5.339623
9.004292 -8.618026
-10.075884 -9.109148
0.941176 11.764706
-1.650685 10.431507
13.538462 -2.692308
-0.537931 -4.144828
-5.587629 4.927835
-9.360000 6.480000
-6.448276 5.620690
17.637931 5.844828
-11.094483 3.833793
-5.612706 2.615150
1.652259 -2.669941
14.024341 3.178499
-11.990826 -11.302752
-10.307692 -17.538462
5.620429 -21.406053
-15.378378 6.270270
17.882353 12.470588
22.523077 0.584615
5.846154 5.230769
10.975610 -16.780488
6.079646 17.194690
-2.419098 4.336870
19.000000 -20.000000
-7.674157 -4.078652
-5.229508 7.475410
-10.500000 -8.500000
1.235294 -5.941176
-1.360000 -10.480000
11.786486 -8.981081
-6.584906 -8.452830
8.639024 -9.648780
-0.783168 4.131683
-6.828729 -11.745856
-2.935852 -9.016696
9.588235 14.647059
-3.887384 -11.634208
-7.000000 13.000000
-13.927434 -2.288496
-15.240296 2.504621
8.350943 24.928302
0.920000 -4.440000
-16.729443 -6.785146
7.567010 -10.525773
-0.707965 -4.619469
9.851707 13.745366
3.460633 -1.473303
2.892308 1.061538
-12.830769 7.353846
0.923077 3.615385
-1.000000 -6.000000
14.701895 -6.588168
-0.076510 8.766443
6.088496 -0.672566
-12.153652 -3.319899
-2.942541 9.308287
-0.441176 -5.735294
-19.280822 4.417808
-10.986301 1.369863
-3.368043 -18.570916
-11.917241 8.993103
-2.500000 1.500000
0.586643 -11.301444
-21.000000 5.000000
8.357216 7.018424
5.200000 8.600000
-15.197263 -11.786773
-7.652886 2.044462
0.979310 -7.351724
-3.479476 9.696070
-4.456647 2.531792
-23.470588 -9.882353
2.884758 -3.449814
-1.714801 7.111913
-7.950515 11.088660
-11.000000 11.000000
11.432432 13.405405
-2.282353 6.270588
-1.630769 -13.046154
-10.051724 11.879310
-21.200000 15.400000
9.915378 -16.480879
-19.000000 20.000000
19.600000 2.800000
-24.073394 -1.577982
15.764192 1.231441
-12.141176 -5.835294
-12.441176 -8.735294
3.793103 14.517241
3.773585 9.792453
21.360374 -11.497660
-11.000000 7.000000
-6.739726 12.027397
-0.854862 0.876633
-22.713483 -5.758427
5.093960 6.134228
-10.800000 -15.400000
7.267257 13.208850
2.767568 -9.805405
16.515464 7.659794
12.931785 -11.507983
10.000000 12.000000
6.669785 -2.223573
8.188235 14.152941
-1.664740 -19.179191
8.406154 -8.849231
-6.650967 -2.968881
-1.393443 -5.327869
10.448869 8.826244
-13.826394 7.886380
2.159292 -1.610619
-14.170732 7.463415
2.800000 8.600000
-16.000000 11.000000
-8.000000 1.000000
8.000000 -12.000000
-20.212308 -6.101538
14.432432 -4.594595
16.699140 -8.916905
4.694268 -16.560510
-5.215809 7.398996
-1.180328 15.016393
5.000000 -15.000000
-16.900000 9.300000
8.474601 -3.146589
-11.600000 -0.200000
-6.500000 8.500000
-3.467811 5.364807
-6.850459 2.734862
-11.969072 -1.680412
-14.000000 -6.000000
5.000000 7.000000
20.411765 14.647059
4.400000 -11.800000
15.800000 -18.400000
-3.280543 -1.814480
9.320000 8.760000
-10.600000 0.200000
-18.527489 4.594354
-20.792135 -2.567416
-6.305882 -12.023529
-9.000000 -14.000000
5.118033 3.698361
-13.086188 8.437569
-5.518349 -8.105505
-4.456552 14.678621
9.396226 -17.886792
23.608247 -4.381443
15.949814 20.384758
-1.729730 5.621622
-2.235294 6.058824
-10.176471 -11.294118
-17.618677 6.101167
12.453608 -4.979381
14.463212 14.879793
18.764706 -12.941176
0.001183 17.682840
3.702073 6.867876
-16.000000 -10.000000
-9.506117 3.573728
-7.230769 11.153846
13.372973 4.962162
15.081470 4.963259
-0.797012 14.043058
8.086486 5.718919
11.124555 -3.601423
-12.685749 1.704019
24.144330 5.175258
-8.000000 -10.000000
4.229226 7.174785
-15.212389 -7.814159
-12.823529 -4.705882
15.054054 1.675676
-11.986737 -0.928382
-3.000000 -11.000000
-18.561062 15.984071
8.052830 1.384906
-7.907063 7.620818
5.013115 18.944262
-7.055172 -14.337931
7.444000 -2.308000
19.200000 -16.600000
-23.870588 -2.682353
9.448276 7.379310
-13.438231 -6.829649
5.656934 8.306569
-20.770803 12.680292
-4.715596 -18.385321
6.500000 4.500000
-0.332130 5.927798
1.186944 -20.667656
-10.000000 -7.000000
7.000000 -7.000000
-5.529412 1.117647
-3.215385 -9.123077
21.468843 7.611276
15.965066 2.737991
-2.539586 10.177832
13.509434 -6.716981
-5.346154 -9.730769
-12.461538 -2.692308
-2.775281 -17.359551
-9.122016 -25.458886
15.000000 8.000000
15.863083 -5.504057
6.452229 -5.662420
-4.647059 25.411765
14.058824 -6.235294
-11.702703 15.783784
-20.664000 -1.152000
-2.067153 6.084672
10.230605 7.577936
12.109434 11.916981
2.000000 3.000000
-20.432990 -17.525773
-5.457210 -8.749121
-0.131034 -2.427586
3.000000 17.000000
-10.800000 -0.600000
4.848000 6.336000
1.793103 -0.517241
8.923077 -2.615385
-4.092486 -2.601156
23.697297 -8.416216
1.184971 1.202312
8.400000 -7.200000
-11.242604 3.017751
-3.793103 -27.482759
8.891403 13.280543
10.000000 3.000000
4.622642 -1.679245
-0.010769 -4.386154
-13.292308 -8.338462
2.158389 -16.830872
7.600000 -18.200000
-7.172960 7.976857
-5.214120 2.324199
14.477253 16.675536
0.738872 -8.646884
-8.000000 2.000000
-nan -nan
-8.476923 -3.184615
15.459909 2.750378
3.058824 -3.764706
-17.587361 -2.163569
-11.078733 -7.053394
-8.620690 1.448276
7.755459 18.165939
-15.533728 7.239053
14.683168 -15.168317
11.344710 2.569966
3.171975 -1.184713
-0.485628 17.476551
15.536153 12.738063
9.844358 -18.490272
2.378893 -9.897924
-4.053846 13.069231
8.568000 -11.376000
-3.931310 7.717252
-nan -nan
7.318033 14.701639
-7.212389 -0.185841
10.805486 9.890274
6.817518 7.248175
-20.783505 -4.237113
-1.642263 7.282862
-9.653846 15.730769
-5.692308 14.538462
4.150565 4.628607
12.970242 17.269204
-13.500000 11.500000
-10.464151 -17.524528
16.547170 -2.415094
-13.900000 -10.300000
-9.306675 -4.721084
-14.704626 11.654804
-0.801444 -7.913357
0.204149 -2.665560
-7.637168 -11.442478
-12.114650 6.789809
8.551724 1.379310
-3.769231 7.846154
13.384615 5.923077
-2.091314 -14.118040
5.239588 2.400784
-15.511050 0.709945
5.102526 3.053492
6.671533 5.846715
-18.000000 4.000000
7.500000 1.500000
-15.970297 13.702970
-18.000000 -2.000000
-18.400000 4.200000
17.000000 10.000000
10.000000 14.000000
9.834385 -13.619874
-10.992582 -12.402077
4.864865 3.810811
11.376471 13.894118
16.941176 0.764706
-2.665782 10.604775
-6.137767 8.004751
9.939262 14.084599
14.841584 -7.584158
4.245902 11.704918
-1.240000 8.680000
12.580000 -6.940000
19.780000 -8.460000
-14.268293 -7.414634
-11.791724 -5.059310
-15.805515 12.065312
-6.500000 -17.500000
-7.325843 -1.921348
-19.246154 -18.030769
-9.435787 5.583020
16.058462 -8.947692
-10.770701 17.420382
6.815242 16.071594
-8.069592 -8.376702
10.475280 -9.046803
-19.097561 -8.878049
-8.749143 23.331700
-11.367971 -26.380196
-0.170557 2.125673
-1.000000 14.000000
16.043200 2.862400
-0.553846 -16.030769
-0.293680 1.918216
0.523077 -13.815385
5.798658 0.140940
3.305352 4.965373
20.953737 -13.451957
3.342466 12.753425
1.585089 -8.492707
1.090722 7.004124
11.899119 5.984788
-2.900000 -4.700000
18.094340 -12.830189
-2.298969 -7.422680
-6.947238 1.117065
-19.000000 -1.000000
-6.498096 -7.519421
-15.300000 -9.900000
14.088496 -11.327434
-15.714932 -17.986425
-17.000000 6.000000
3.980198 1.801980
8.976331 -3.656805
-2.830275 11.600917
-0.899654 -9.186851
2.505882 1.423529
-10.920792 2.207921
-11.600000 -2.200000
3.123596 -3.797753
0.790055 11.011050
0.000000 10.000000
8.121951 -7.902439
-17.000000 -2.000000
-3.331243 4.982326
-12.805430 11.914027
15.000000 7.000000
5.518033 1.701639
1.454054 -16.475676
-8.778281 -18.343891
14.037855 11.684543
12.722930 3.257962
-4.285151 -5.879106
0.943870 10.459380
4.088235 -6.852941
-11.020000 -0.860000
15.529412 13.117647
14.378378 -14.729730
-13.398844 6.092486
-15.589041 2.095890
1.365854 -15.292683
-11.793103 -1.482759
0.780822 5.082192
16.677719 9.940318
17.455764 -11.399464
-7.461538 9.307692
-9.417160 -4.701183
-17.626804 0.210309
-3.000000 -4.000000
-4.134831 0.584270
-0.946396 -16.212569
-0.500000 6.500000
14.438356 -7.835616
-8.400000 2.800000
16.436242 -7.805369
-21.023596 4.497753
11.967785 9.982550
-18.000000 16.000000
5.538462 7.307692
-10.000000 4.000000
15.982583 0.445573
-13.285220 -3.774417
-2.200000 1.400000
-0.884390 3.199512
-9.893146 -4.179709
-1.826341 3.557073
10.457082 -13.680258
3.919527 -6.433136
7.393665 7.733032
2.476471 -10.194118
11.637931 20.155172
13.162162 8.972973
-1.900000 -1.300000
-15.044090 -13.242964
13.000000 20.000000
-6.525773 4.567010
14.940367 -6.967890
-5.541096 -6.609589
0.959276 -6.855204
14.000000 -18.000000
-1.560000 5.920000
7.972973 16.162162
11.300885 4.513274
7.200000 1.600000
5.253219 -22.536481
17.000000 10.000000
-13.648000 0.936000
-5.513274 15.300885
-7.402703 -9.116216
-7.792683 8.134146
17.235294 -19.058824
2.374312 15.847706
5.299083 -9.530275
6.437982 -2.821365
-2.000000 19.000000
10.000000 -6.000000
12.400000 -0.200000
-19.617764 -10.024584
11.698738 8.843849
1.790674 4.244560
4.000000 5.000000
-7.953846 -10.630769
11.588235 0.647059
-21.344828 -0.862069
7.000000 -30.000000
-20.830769 5.353846
-12.509822 9.054256
3.174465 -3.315623
-17.413793 3.034483
4.000000 3.000000
5.000000 1.000000
4.369231 12.046154
14.400000 5.800000
26.238938 9.584071
0.519270 -8.180527
3.377358 -1.320755
6.975028 1.335982
-3.000000 7.000000
-4.027027 14.162162
11.335490 0.945471
6.968326 9.511312
-14.009756 -1.687805
15.168317 -9.683168
7.423077 14.115385
15.824910 -1.005415
-13.433234 -6.118694
-18.233624 4.002183
13.000000 5.000000
-15.002623 -10.397152
-12.103448 -7.241379
7.885997 1.995836
-11.000000 0.000000
-10.800000 23.400000
16.558603 6.827930
20.807692 -15.961538
-5.232877 -6.712329
9.898533 -16.509780
-14.918812 -6.411881
-12.977358 -13.520755
-9.901622 -10.230270
-10.682927 -14.146341
12.703046 13.342640
18.658824 2.564706
-17.730475 9.840735
-3.251870 -11.037406
-9.758621 -6.896552
-10.848642 -8.019405
-10.481229 -3.590444
18.000000 1.000000
-1.204878 13.956098
-6.200000 14.400000
-5.680000 2.760000
-13.933758 8.145223
0.444126 26.598854
12.891583 -11.363766
-8.000000 -15.000000
11.000000 0.000000
16.467153 -6.284672
12.070270 10.221622
-1.600000 -2.800000
-12.067686 8.757642
5.590411 7.141096
-9.962264 21.132075
-14.816000 -3.512000
-19.940000 6.420000
7.745077 2.213348
-7.647059 13.411765
9.094763 17.104738
16.464164 6.945392
3.823529 -4.294118
-10.160358 -3.302134
11.659459 -22.156757
-3.342150 18.166010
10.559753 4.151118
11.600000 -2.800000
5.566217 -7.302934
2.160000 -7.120000
-0.062880 8.872211
-12.491404 -3.330946
-2.195122 -1.756098
11.965517 -6.413793
22.203279 -8.363934
-4.131148 -3.557377
0.515294 5.018824
12.275281 -21.140449
-10.000000 10.000000
15.608219 -7.778082
-3.544041 -18.932642
-12.053097 7.796460
15.886792 -20.396226
-16.817427 -2.315353
-1.760000 4.680000
13.262376 -10.876238
-10.400000 -4.800000
-22.910769 -5.913846
-14.786033 16.589896
-5.005405 -10.232432
-2.400000 12.800000
-2.200000 3.600000
8.162549 11.078023
18.846154 -12.230769
13.400000 12.200000
-5.652555 -12.344526
11.000000 11.000000
-0.910112 8.943820
8.623288 13.171233
-9.148235 -6.567059
-6.800000 2.600000
-15.647059 -5.588235
-5.430353 -1.340956
-5.796226 -0.086792
16.439344 -3.367213
3.929712 11.242812
4.117647 -3.529412
-17.600000 16.200000
-1.564014 2.432526
-1.272131 1.593443
-9.229462 15.362606
4.108911 -10.910891
-8.113208 1.396226
10.764706 -8.058824
4.804878 -12.756098
9.507614 3.893401
-18.000000 9.000000
-17.233096 -15.645907
5.195876 12.309278
-4.900000 4.700000
6.352941 -7.588235
0.880000 -12.160000
0.046154 -18.369231
-15.349816 19.259863
-4.197452 10.471338
14.882353 -3.470588
-18.000000 -8.000000
-13.970588 -15.382353
-26.761658 10.694301
9.676218 8.965616
-9.148235 5.272941
3.692308 10.538462
-12.730769 -2.346154
12.306897 15.782759
-13.000000 10.000000
13.000000 4.000000
-1.384615 19.076923
-17.153846 -2.769231
24.393103 11.682759
-6.235294 -17.058824
9.273821 -1.085256
2.207921 19.079208
-4.521834 -7.163755
-17.000000 1.000000
-17.010676 -3.565836
-16.586207 -2.034483
20.860000 -11.020000
-1.366548 5.572954
-17.293103 -0.017241
-2.006826 -11.941980
7.000000 6.000000
15.846154 -15.230769
11.910506 -4.431907
-12.167883 -4.788321
3.237113 -15.216495
-11.568528 17.959391
-0.223583 -5.686064
3.011321 9.060377
4.151685 -9.342697
-16.708108 -4.448649
20.689655 13.275862
-3.425363 24.993395
-8.273267 -1.532673
15.000000 -15.000000
21.900000 0.300000
-15.877157 -10.480203
-14.000000 -5.000000
-7.400000 -9.800000
-3.147059 -0.088235
5.800000 1.400000
-8.207900 0.555094
9.938356 1.335616
-2.470588 2.882353
3.575221 -10.371681
1.413861 -25.538614
-18.811816 -5.512035
2.288496 -14.072566
-13.000000 -1.000000
-4.526897 -19.757241
7.133758 -21.254777
-24.283019 5.490566
-7.538462 8.692308
-12.540984 -4.049180
18.047525 18.924752
17.165103 -10.898687
-10.481297 9.625935
-3.167750 -0.400520
6.000000 0.000000
-2.290276 2.753266
-22.878049 14.097561
-15.591743 7.472477
7.443667 -1.926522
-0.298969 6.422680
-3.389696 -16.096433
0.723490 7.633557
-6.907692 -0.661538
-10.600000 1.200000
-0.266289 14.184136
18.054054 16.324324
-0.759891 -7.758527
16.366812 -14.751092
-16.646341 11.817073
-2.933709 -3.363893
-7.493480 2.450351
-4.538462 -13.307692
-3.301639 -14.118033
-5.600000 -16.800000
-12.800000 -4.400000
-17.416438 -5.043836
-8.000000 -7.000000
-12.589109 -0.391089
6.000000 -2.000000
1.258621 16.396552
-3.068210 -13.878197
17.584615 1.676923
-4.429603 -3.776173
11.211618 -0.456432
15.520000 3.360000
11.310345 -6.275862
-5.534118 13.856471
15.261421 17.159898
11.138057 -2.626145
-3.232000 11.776000
-9.065783 -5.275911
-18.000000 -4.000000
4.217805 -3.405359
12.629268 9.063415
-11.365854 9.707317
-10.575342 6.465753
6.475966 0.975495
13.692308 6.538462
-6.523921 2.451575
-15.471098 -6.187861
-6.587322 1.181113
13.101534 0.120526
-10.900000 4.700000
14.000000 -3.000000
-0.736923 2.235385
-5.918033 12.098361
3.581680 -1.592182
0.424852 -4.139645
5.616052 20.429501
-15.223048 -9.710037
12.320442 -21.088398
-0.842697 6.651685
6.528302 2.150943
-6.287129 -3.871287
-6.038462 16.192308
-7.841463 3.426829
18.500000 -9.500000
11.292683 -3.634146
-2.885321 -5.215596
7.232673 -0.826733
-13.280000 18.040000
13.904110 -16.589041
16.716180 4.132626
14.891892 -2.351351
-13.681382 -1.875240
-4.567114 -15.546980
3.500000 5.500000
-16.600000 -6.800000
1.829268 11.536585
14.693133 2.688841
5.500000 -16.500000
16.524590 -2.770492
-nan -nan
-14.374065 5.518703
15.103448 17.758621
2.384615 8.923077
10.106195 5.407080
-18.837416 6.106904
-16.430769 2.246154
4.383562 10.356164
-2.432432 10.594595
-7.123288 -12.328767
7.540000 -17.780000
2.510949 2.094891
10.094578 -10.117276
-7.384615 16.076923
11.898876 9.561798
14.280624 17.198218
-6.489396 -0.871126
8.153846 -10.769231
-6.873541 -1.476654
-12.182927 1.353659
0.068607 7.126819
19.000000 17.000000
-10.000000 7.000000
-10.760000 10.680000
10.696532 16.777457
1.938462 -18.107692
17.689655 -10.275862
8.884615 10.576923
10.332893 8.038309
5.323326 13.124711
-8.436585 -19.470732
-5.200000 -4.600000
-5.072386 3.528150
-2.681208 8.526846
1.249201 -9.769968
-23.110917 6.468122
-8.467844 0.546028
8.607059 10.131765
5.200000 14.600000
3.073964 0.322485
10.756168 -1.007257
15.540541 -7.243243
9.615385 -8.923077
20.241379 19.103448
-16.101124 4.561798
6.081081 5.513514
4.473394 0.777982
3.047210 9.798283
3.192020 6.159601
17.426966 12.483146
0.892308 -16.138462
-1.692308 20.538462
4.764706 8.941176
15.569811 14.705660
-5.353591 1.281768
-13.000000 -6.000000
3.652807 1.237006
-9.538462 4.307692
11.862710 -0.064659
-6.700637 4.617834
-9.996330 14.521101
11.569745 -16.493124
9.600000 6.800000
-19.444341 4.359214
-8.477178 -17.460581
-10.340206 -3.484536
14.600000 3.800000
-5.185304 0.367412
5.184906 3.347170
0.651095 18.690511
-0.961661 14.041534
-0.847960 7.651422
13.179310 -8.951724
-2.505155 8.886598
-6.655172 -23.137931
-15.263279 -3.872979
4.646018 -3.690265
-9.594274 -13.742349
-5.397633 0.565680
10.800000 -15.400000
-11.000000 -18.000000
-17.235587 3.286121
-14.208666 0.508552
3.137931 -10.344828
-22.748800 -3.718400
-18.191083 6.649682
1.833828 6.406528
7.545236 -0.963171
3.500000 1.500000
-14.589041 18.095890
-8.870787 5.893258
-10.076923 -5.615385
7.000000 11.000000
17.000000 18.000000
-9.646341 -4.817073
-14.868852 1.557377
3.200000 -10.400000
-1.477995 14.353301
-19.113793 -11.065517
-12.485149 -1.851485
5.918384 11.600165
-14.732459 10.243012
-3.500000 -5.500000
-7.137624 -2.923762
13.024390 4.780488
-12.168878 6.455971
-10.688679 -1.839623
-5.728045 -7.577904
-0.510345 2.324138
5.000000 10.000000
-5.592760 13.859729
5.484642 2.119454
-3.500000 -3.500000
9.388097 -8.711717
16.000000 -2.000000
-6.308725 0.416107
-12.013699 2.369863
-10.189383 7.998565
3.055046 -2.183486
3.000000 -8.000000
-22.623229 10.824363
-18.278689 -6.934426
0.029412 6.617647
1.600000 -6.200000
3.114754 -3.262295
19.455919 -10.277078
-14.219865 -12.300868
3.349505 -5.595050
-7.000000 -19.000000
2.045249 2.049774
-13.101770 -9.473451
13.451421 -14.524785
9.524000 -2.132000
18.000000 4.000000
1.597981 -6.238856
-8.000000 -10.000000
13.000000 0.000000
13.647208 12.439086
-14.218978 -7.897810
-2.500000 19.500000
-3.053503 4.298089
-14.000000 -19.000000
1.764706 13.058824
17.836676 0.787966
-15.882353 -9.529412
3.910769 10.913846
-11.447950 18.066246
12.339332 -6.976864
9.228178 -1.001531
-15.860104 11.668394
-3.237994 -10.646745
2.011881 -11.518812
-6.345946 -1.475676
4.560000 -5.080000
-8.080000 5.560000
-3.000000 9.000000
-1.778378 -12.070270
17.000000 -1.000000
13.491416 -4.736052
-22.700000 16.100000
-11.882406 -15.623878
-13.167368 1.528175
0.643836 -2.616438
-14.252387 -5.907231
-8.382353 -1.970588
20.615385 -19.076923
-1.920000 -0.440000
13.964706 -23.658824
-6.468205 -5.858751
15.846154 -1.769231
-4.000000 -3.000000
-11.575492 11.271335
13.012853 -1.521851
2.551724 7.620690
-5.293642 -3.291329
9.376712 2.171233
-4.094637 1.211356
-9.298755 -2.879668
21.280899 -13.550562
5.007564 -17.198185
10.500000 17.500000
4.800000 -15.400000
2.357513 -2.958549
3.276392 -2.047985
1.146823 2.208756
2.367213 -2.560656
6.769231 -16.153846
-5.300000 10.100000
5.304878 -8.743902
10.778761 -5.681416
-1.470588 -15.882353
-14.040000 -2.720000
9.192308 -0.038462
1.878049 -9.902439
-15.132075 9.037736
-1.491512 -3.634600
-5.200000 -16.400000
12.304000 -17.328000
-9.076923 6.384615
-7.796330 3.278899
14.120415 19.624221
1.991701 3.468880
4.600000 -3.800000
-4.599151 -3.406913
10.173045 19.630616
-12.270402 5.231425
-11.259635 -7.409736
12.000000 -6.000000
-5.040000 -7.280000
-8.455738 -3.613115
4.345196 -4.295374
-8.461929 19.467005
-12.230769 -4.846154
10.996248 18.726079
14.220000 -7.460000
16.400000 4.200000
-7.111821 -9.795527
2.657205 13.320961
14.033846 -0.609231
8.643396 -9.798113
0.705882 -4.823529
-0.769231 18.846154
8.146341 -0.317073
2.647059 6.411765
13.524281 7.888008
-19.907216 -0.041237
-9.400000 -1.800000
17.588235 14.352941
10.546341 1.882927
7.079031 -10.056902
-13.530324 -1.088858
4.302491 -3.967972
-3.200000 9.600000
15.309469 -2.394919
-nan -nan
-0.489017 8.721387
25.498270 12.934256
-10.000000 17.000000
-25.656109 -0.221719
17.420000 -7.060000
18.134146 8.207317
1.020284 9.184584
14.804124 7.690722
-4.341463 1.926829
-13.352941 1.588235
6.151724 3.820690
5.738462 -0.707692
-0.032075 5.262264
-3.428000 -9.604000
-17.157800 13.861136
-21.710811 -5.435135
11.271135 -9.019040
-12.769231 -19.846154
0.153846 -14.769231
10.516386 2.247121
-2.000000 -12.000000
-5.154391 13.015581
17.576433 18.359873
-3.804124 1.690722
-0.030769 -11.553846
-11.000000 6.000000
18.173196 -11.789691
-15.024590 -0.270492
12.000000 -11.000000
-7.301406 -18.579086
10.959231 15.113570
-11.915094 -7.952830
-7.585799 -1.994083
-13.402439 6.621951
-3.000000 8.000000
4.647059 26.588235
-10.400000 6.800000
-11.000000 1.000000
3.770492 11.475410
-4.724138 -2.689655
-6.150685 -1.931507
-1.792308 -0.838462
9.218509 16.871465
-10.210239 -5.187031
12.909189 -13.904865
6.152941 1.988235
-14.696498 10.143969
-6.698614 -19.051963
-0.141463 -0.526829
-7.505119 5.293515
-3.621622 -11.729730
10.073171 -10.658537
15.029508 -0.075410
8.286307 1.676349
11.188679 -15.660377
-13.786792 -16.903774
-12.000000 9.000000
11.926145 6.920236
-3.810811 9.864865
-13.000000 11.000000
-16.294118 -9.176471
-13.078680 7.601523
-20.000000 -2.000000
12.438914 20.782805
-13.260000 2.180000
-12.178218 3.782178
12.000000 -2.000000
-0.918434 15.145188
12.000000 -17.000000
-10.273973 5.602740
-4.509975 -8.699501
-16.655290 -9.569966
-1.000000 10.000000
16.223077 2.515385
11.645902 -12.095082
3.692308 -15.538462
-5.188679 -0.660377
20.807692 -18.038462
5.361934 6.262090
12.492519 -2.649626
16.200000 10.600000
14.800000 8.400000
4.117647 -2.470588
3.824000 4.032000
-3.400000 12.200000
2.379310 10.448276
-0.168302 2.630943
-8.015544 2.740933
9.945803 13.019167
-6.589118 13.225141
3.146747 7.444781
17.941176 2.764706
6.523227 -2.178484
-8.799189 -0.354970
16.000000 3.000000
-10.469716 2.630408
-16.409871 1.478541
1.952663 11.313609
-9.615385 -19.923077
-1.188235 9.847059
7.235294 12.941176
-14.238400 5.611200
0.367123 -12.912329
2.270588 -1.482353
9.500000 6.500000
3.764706 -10.941176
-15.603325 -18.503563
12.648649 15.108108
11.586885 15.944262
8.486486 11.081081
16.109827 13.213873
11.029508 7.075410
-15.646067 5.533708
-12.506438 -1.927039
-6.493151 -23.315068
11.176471 3.705882
-10.339450 -3.798165
-14.809231 12.873846
-0.030928 -13.319588
-17.169427 -13.743949
12.236697 -0.611009
8.582467 2.216939
2.967568 -1.205405
11.347751 -1.714533
13.075145 -1.988439
18.057534 -17.553425
14.461538 -19.692308
-12.500000 -6.500000
-12.269649 -10.658786
14.946401 -5.013783
7.400000 -1.200000
-7.986722 -0.550207
2.771776 -12.124240
7.591781 -9.621918
-19.829268 1.463415
17.400000 14.200000
-15.738462 -8.707692
5.404795 12.139633
