23.706539
23.583588
20.712747
12.602632
12.628426
11.098390
47.606205
11.442839
31.304952
28.513585
33.615473
28.805077
10.172468
22.000000
15.132746
19.937755
13.366546
6.548386
1.085037
33.837849
45.904841
11.661904
20.396078
21.377558
19.277170
24.206162
28.561788
18.204887
27.093612
15.082337
28.442925
14.274145
26.847654
20.461047
17.464249
23.548590
24.379901
7.172709
29.731460
22.555088
36.005467
17.692440
14.000000
22.686630
21.260292
16.365309
20.516835
26.627054
9.899495
4.033627
24.166092
28.275897
27.887639
33.333464
18.027750
17.088007
27.658633
9.458574
20.808652
5.000000
25.797766
15.011898
7.615773
26.815062
24.083189
13.950782
12.754564
15.364879
27.124549
24.035474
13.892444
22.423923
30.000000
7.454596
21.761313
9.219544
6.955957
5.000000
20.252612
23.211540
41.553662
22.555999
8.268374
7.028309
22.360680
9.915122
19.621244
25.454922
28.230558
26.203238
24.515301
24.008838
8.862244
3.162278
23.361158
33.388271
19.875661
21.511368
6.716412
21.969788
32.958459
41.111055
16.492423
13.372966
41.742111
4.945993
7.205114
36.013886
33.015148
29.005114
14.692813
26.181576
19.484430
39.395431
27.225119
14.560220
17.542065
24.380249
19.850126
13.188547
25.495098
6.708204
19.864108
27.923454
15.786661
27.012249
11.149598
30.257098
2.223353
34.409301
27.313001
25.549480
30.805844
25.162923
31.800429
27.658633
15.109142
17.691806
21.536786
8.258131
25.554117
23.430749
3.199531
24.186773
13.155804
4.077019
29.567550
26.284471
16.301308
8.810420
12.083046
13.416408
12.828548
5.385165
40.311289
37.483330
15.556349
3.906341
9.942230
19.212086
18.973666
5.830952
39.058689
20.133709
31.217629
22.179873
18.262774
10.000000
15.262756
14.860530
11.570318
16.124515
7.810250
13.363604
30.100320
12.806248
13.038405
21.633308
11.000000
19.861923
22.532502
3.162278
25.077711
28.597612
7.582074
4.844375
30.957771
14.210631
9.673808
31.354458
19.416488
10.000000
8.369397
26.124296
20.772717
34.731171
26.632407
25.823499
27.850459
23.600847
36.024429
29.681644
19.248696
40.249297
39.217343
22.901718
15.119877
22.022716
11.461303
18.486511
36.243081
34.023492
5.827665
15.863760
13.718904
36.745932
19.235384
26.832816
30.295393
20.580932
38.349487
20.880613
13.373262
18.867962
21.349629
17.815922
8.763537
17.260468
17.242580
10.451307
17.111975
6.597368
16.153839
32.433451
16.683203
19.871478
40.382941
13.038405
3.699137
9.631961
12.369317
3.605551
19.349708
20.486324
34.662709
22.423665
28.858362
28.017851
11.411155
16.567824
21.968934
40.371706
15.524175
19.838314
16.622580
13.929473
25.632011
24.697294
31.066671
8.659452
26.294203
33.291558
27.166155
3.546487
29.154759
10.773979
0.000000
10.043646
9.899495
15.912562
30.221823
12.985905
16.548736
17.952432
11.551236
16.674815
27.019913
26.248809
16.306616
18.681542
20.155799
19.451141
40.816663
30.805844
34.132562
40.039211
37.434672
10.179118
21.329127
36.235342
32.480799
17.691806
14.477880
26.356939
16.201642
0.949293
19.893708
13.453170
25.142673
3.642289
25.905610
35.000000
14.996298
27.817117
22.625464
26.878189
1.832537
8.079144
22.768832
5.883627
32.756679
6.587324
26.470266
15.906011
22.367658
35.079747
32.572995
10.088270
32.188972
2.108887
8.840845
11.361759
24.870796
28.158440
23.698028
23.432437
10.018598
24.683704
5.000000
5.361508
19.204464
10.630146
18.190675
17.262677
35.956622
16.110534
2.230318
3.610811
6.019513
38.275318
6.564806
11.000000
4.211538
5.000000
23.350795
41.689092
16.402262
25.059928
10.225381
31.144823
9.848858
4.508623
9.257178
7.352684
5.645949
36.045994
24.124558
11.522073
22.545572
18.682084
17.599342
22.331362
30.148067
34.409301
22.251943
6.160408
15.811388
11.545839
39.044614
11.661904
4.057569
26.556490
25.292639
6.558302
20.079220
27.592273
25.079872
14.540148
40.459857
24.636444
36.333415
19.856201
18.027756
5.113311
9.781799
29.807122
25.990778
13.416408
38.304741
32.572995
32.796951
13.038405
22.771998
33.286634
10.630472
21.549380
28.338124
35.089374
33.958679
5.498708
20.450186
36.055513
13.000000
18.439089
35.166399
23.973844
13.071426
23.469010
14.962575
22.656071
6.899793
25.799182
20.552644
16.278821
11.045361
21.975145
30.448107
12.966556
6.082763
16.464952
23.826372
29.001217
17.094846
16.488171
23.194827
18.788294
8.662222
22.064671
22.688572
38.275610
12.468108
28.076940
30.413813
28.930075
37.336309
22.668347
37.066563
6.324555
15.395500
11.615315
9.225346
5.480154
8.225841
20.726950
28.352572
21.288246
19.999613
28.274951
11.873453
28.908025
5.500411
5.385165
7.079701
9.486833
33.996245
4.581472
30.264512
18.908087
9.848858
27.361057
20.248457
20.834685
8.785822
34.695531
34.087898
32.075520
5.343702
23.234750
24.698178
5.385165
17.262677
2.236068
19.039492
22.384648
18.727888
23.769729
18.658602
9.979937
16.278821
39.217343
5.572801
26.964436
37.820886
12.806248
15.811388
5.502306
11.471525
11.792797
26.288201
27.053216
31.766019
28.082672
27.397473
16.939560
28.647336
29.598935
14.035669
32.517113
4.472136
17.715502
14.317821
26.038674
4.189050
26.333745
17.357875
15.264338
38.883703
38.660545
24.083189
35.774621
27.490407
14.886423
20.821577
3.722773
17.720045
6.663946
31.267582
30.016662
22.762715
14.763274
31.058896
18.310427
31.337636
3.000000
18.027756
28.472272
7.233827
26.371531
28.852274
10.877218
14.035669
35.608988
28.462028
36.832045
18.199486
11.045361
39.587621
13.601471
28.160256
27.576543
16.247912
8.541039
16.763055
17.421950
8.514053
28.584804
22.880063
9.001235
8.378335
9.393541
11.180340
39.293765
33.615473
13.651322
33.081008
21.968752
15.652452
22.182688
39.024705
15.486946
27.320780
22.360680
17.872301
12.888146
16.264200
12.622651
22.803509
26.076810
25.459310
15.633816
26.424801
15.588693
26.618636
23.796173
21.587033
30.420851
24.323729
23.703156
15.811388
19.026298
30.296912
14.032413
27.018512
1.294666
17.262677
20.539686
26.956621
29.002006
31.045354
34.237854
17.981994
29.296184
26.476405
28.017851
22.236117
20.103980
11.569444
22.413425
14.091574
11.350172
17.804002
9.267227
14.419218
8.485281
11.678627
7.527816
43.252672
22.308181
32.427713
12.964713
29.984153
17.552211
31.016595
27.171577
22.028938
29.017236
26.357374
18.575743
38.275318
12.823511
20.024984
10.152064
23.307217
15.450902
28.693748
33.300240
27.411752
21.796312
8.296871
14.142136
13.597191
21.128385
8.255492
22.518661
36.055513
19.271410
5.827665
39.785035
26.000000
9.317643
26.658784
26.172505
32.671171
8.320872
20.170092
9.848858
46.990836
11.704700
21.449701
24.041631
12.584675
12.617542
16.826033
29.063998
12.606550
7.214099
29.070827
34.205263
23.021729
14.143158
10.470091
13.878072
13.483940
25.495098
25.624246
16.401219
9.825840
39.824616
25.079872
33.987432
31.881189
18.696173
25.850530
35.931823
21.925943
14.212670
22.528654
24.665017
7.211103
36.674242
20.808652
11.382663
17.020424
18.852622
4.948437
5.590550
30.439282
7.854712
16.124515
17.802445
29.306474
25.623739
18.440870
5.902814
5.887170
9.894860
14.000000
17.387584
22.392841
22.656992
30.300856
11.898622
15.726931
14.125124
22.211538
32.309044
12.806248
26.461276
32.557641
38.960592
15.339573
24.083189
18.601075
27.761140
13.133063
13.569569
23.194827
29.990885
9.534053
9.735008
37.239169
23.324595
5.356764
12.452654
28.318773
13.729859
34.561835
37.913669
9.486833
17.400146
26.300742
20.615528
28.352341
10.427847
1.004245
24.331050
19.236140
18.615464
4.370945
38.600191
26.662118
10.593400
26.608367
23.345587
1.583303
33.645402
11.045361
29.996930
18.875655
13.687650
34.176015
16.761787
23.475308
18.602280
20.319745
36.825189
39.448178
10.405119
17.643419
28.780747
28.220458
23.055444
14.402141
13.875098
24.106157
4.472136
30.731678
17.959446
24.575993
6.361211
34.593086
2.674478
14.560220
21.095023
7.576876
9.029538
11.807496
6.403124
19.228420
24.999791
36.750086
23.409400
11.704700
25.695513
26.419690
10.603986
24.083189
24.083189
24.020824
29.310791
24.426668
39.623226
33.726017
18.469900
19.104973
15.348931
8.424536
15.716987
14.866069
5.306405
27.617838
19.723083
31.384710
18.531248
30.066593
10.878227
24.366454
25.254910
14.525448
10.996460
22.815717
28.124103
26.547218
7.190949
44.821870
46.861498
16.824746
10.648890
35.341194
33.989043
24.351591
12.378459
24.726664
9.152373
43.647156
22.203603
13.634701
14.628363
2.000000
35.355339
2.000000
24.975452
20.272202
19.026298
9.319219
37.947191
12.371382
24.857091
35.214890
30.184357
18.384776
20.303979
23.304148
20.423549
33.994803
6.891706
19.173587
28.182165
13.463068
21.536717
17.722046
13.000000
18.697166
14.560220
20.792416
28.284271
27.166155
17.204651
22.340218
23.644801
23.537205
11.342505
8.062258
15.567742
25.902459
31.095952
23.517795
16.077025
29.741650
8.602325
12.145561
45.501711
4.472136
39.248823
8.318208
20.248457
7.626474
25.495098
25.000000
31.701569
31.116844
32.417957
30.066593
17.562899
25.646001
27.200406
33.727047
17.382953
16.431612
16.862581
21.574566
36.428980
32.691300
46.474705
9.092676
15.307089
6.578951
14.866069
29.444198
13.756430
2.495230
32.085466
27.513633
11.244616
17.380735
8.349851
6.514642
34.122992
11.966553
36.664627
5.089551
3.987686
10.763486
7.894742
8.992942
27.335435
11.932012
13.215298
14.400733
19.171812
5.056719
6.708204
29.971387
15.281362
17.596663
19.413093
37.696154
25.640663
10.120696
39.698654
31.511064
23.892112
43.228834
15.620499
9.842198
13.420037
27.983845
16.941189
27.912183
47.434165
6.401833
34.475600
19.358362
19.104973
11.347589
25.312780
18.239936
28.231188
22.510334
29.068884
7.759186
26.043266
4.333192
22.671568
32.202484
17.917061
12.496001
9.093333
28.603269
40.607881
17.287278
14.434705
11.553596
11.704700
24.186773
35.942245
36.217385
10.957663
29.781580
19.026298
10.382146
9.486833
21.231339
16.684026
28.015146
13.601471
19.572432
43.436927
23.174243
25.632011
18.586935
17.448986
10.439925
16.815249
15.423540
23.132348
27.784888
22.722644
26.900368
25.317978
35.557771
37.152596
28.627263
39.225743
38.383779
6.082763
20.591260
9.125003
3.367098
11.463952
13.601471
20.285426
26.615330
13.152946
40.952718
21.920122
26.400758
21.921189
7.281141
43.921112
22.410438
29.832868
16.783834
25.398386
16.964927
28.960268
32.868270
8.246211
25.134940
31.810936
14.335958
30.870698
35.455987
9.357066
26.248809
34.539832
19.087060
8.456618
15.364386
10.287588
11.764710
23.764233
26.258128
4.867443
16.984794
38.288379
15.330332
26.570661
32.033593
36.878178
11.611414
18.581961
16.643317
23.808627
41.329466
21.991025
28.185200
21.825085
18.467665
10.569383
13.581360
2.451191
0.000000
38.090917
7.370257
19.675049
26.013882
10.347275
22.230823
35.077872
19.050776
14.317821
26.400758
30.554866
22.286189
22.013343
10.295630
12.024890
26.013286
22.209819
8.522389
16.760376
12.628168
12.431455
30.805844
21.593030
33.794173
10.816654
2.828427
11.045361
15.620499
14.179071
28.321406
15.078749
22.327530
20.880613
11.053543
12.306594
22.779655
30.423351
2.236068
24.041631
30.591198
15.296283
19.416488
30.041990
27.202941
29.512396
9.000000
15.190715
25.522100
3.069316
6.962558
4.655248
36.496575
16.870366
19.886895
8.803751
9.258058
25.814839
19.074125
23.041891
18.636879
27.619342
34.942167
32.243093
23.517981
50.348900
23.769729
18.999461
33.661181
7.376341
2.236068
26.434046
12.009041
6.000000
16.876698
16.552945
22.825424
14.894792
32.513654
19.227727
30.870698
41.816834
30.220110
18.439089
24.079438
31.618697
29.410882
9.686980
7.609272
14.795214
17.609631
5.805899
11.019125
13.152946
21.432522
24.167274
37.372083
18.724544
21.176480
31.420907
11.898949
21.610622
30.377116
14.142136
24.826814
17.773715
35.478608
11.003787
7.826958
29.145484
27.632091
30.274990
7.995396
3.140894
20.959030
28.707411
26.462826
29.017236
36.795399
13.416408
11.349219
29.462272
22.031758
12.428202
16.278821
14.335958
14.601985
41.099138
13.598002
9.433981
36.211383
28.822778
9.813951
14.523993
22.113877
21.283697
6.255899
12.409310
13.563801
10.791158
11.180340
19.784096
17.000833
38.591748
24.698178
35.468296
8.664935
9.161386
2.892243
7.071068
14.922864
5.830952
9.481208
7.615773
42.195814
41.865028
27.780932
9.053129
8.246211
10.000000
22.135944
17.714580
6.387036
6.082763
23.673756
36.043100
34.412853
21.377558
21.382668
5.561693
11.890491
18.660553
36.102192
9.433981
37.871146
12.041595
0.870308
20.518285
33.054102
8.064950
24.356483
22.749767
18.025755
13.505752
31.775053
27.100668
7.429864
14.021670
27.843563
9.070463
22.022716
28.071338
7.489440
7.211103
10.095371
15.859238
27.784888
22.673896
18.027756
1.602779
17.150598
25.429724
9.007337
20.370667
29.546573
18.867962
7.211103
30.000000
11.401754
38.243185
12.628322
15.264338
9.898464
23.345235
12.130145
31.550545
13.576121
34.592870
32.242540
18.641495
45.259775
20.852546
11.447974
22.009253
18.027756
34.224118
41.846622
40.607881
25.244651
29.571216
23.940570
17.688143
32.649655
13.628476
6.582823
9.848858
17.575983
27.686973
25.942244
25.384368
23.086793
11.644342
35.337174
18.646734
20.351295
35.031417
7.403818
21.111958
30.596109
29.966648
17.997275
16.956393
30.919595
20.248457
31.048349
41.837516
28.298441
7.541421
28.559463
13.049802
5.892084
13.928388
5.927401
31.589869
19.798990
11.870801
32.526912
18.772680
11.180340
12.083046
8.062258
24.941932
11.740926
11.475368
28.350139
17.501412
4.472136
35.355339
15.211004
10.561494
12.213432
17.086427
14.721879
24.387989
15.491033
19.895669
4.775085
27.018512
25.823913
34.579001
10.770330
19.509132
4.362654
25.179357
6.990835
24.900672
18.398052
5.644324
8.000000
20.024984
10.770330
35.632963
38.284165
13.380508
20.248457
27.738087
29.546573
31.575307
32.984845
38.418745
7.473943
34.925873
17.737463
24.498483
24.278487
17.901505
4.000000
37.922077
18.869774
38.402133
15.761128
27.000778
16.552945
20.615528
19.889842
14.043378
16.224086
25.298221
6.003044
44.992405
20.561958
9.219544
16.612935
27.904480
8.879243
22.827692
11.887377
8.803751
14.833695
25.486274
29.796585
19.991923
27.849665
13.652788
25.770137
27.313001
7.002631
5.099020
35.738336
6.399839
24.174189
27.642850
19.723083
10.808814
15.132746
17.714163
22.228620
9.591183
21.350483
24.413111
20.518285
18.788294
35.568928
34.014703
18.027756
29.613928
10.630146
24.316309
21.449575
22.724347
29.008197
22.986191
36.337276
24.083571
19.010753
14.196299
30.886890
5.099020
26.159319
15.020309
18.012707
46.135952
39.096245
3.130362
9.404164
13.601471
34.556208
22.058566
17.359822
25.079872
13.760413
35.367695
32.893768
8.227271
32.489976
13.012503
12.833406
26.794522
14.621522
32.401589
6.087440
7.236961
20.987386
8.634371
11.009569
31.660487
22.447715
6.754430
34.159911
31.384710
8.651012
28.995860
31.642453
11.167537
24.037740
21.819402
21.840330
4.850643
13.509977
31.176661
19.082970
23.470516
8.570558
27.779881
26.925824
26.907248
31.720652
12.041595
2.352993
23.869186
25.075097
26.756649
25.840659
13.257530
16.552945
8.485281
20.124612
24.480152
38.015578
22.461762
39.221951
12.869529
36.555845
21.226437
22.877444
12.336546
15.297059
12.454519
38.470768
15.382259
5.125306
28.381616
11.939871
20.355829
12.616818
31.346519
19.847027
10.042403
15.188512
32.202484
17.382717
8.062258
29.957530
19.995724
28.620773
21.410335
5.958331
19.910505
12.594830
16.104160
25.546519
19.880188
7.971407
42.263651
18.395262
30.193208
9.785451
20.223748
20.830482
20.077301
17.464249
15.811388
4.370668
41.403642
19.472014
31.497942
30.940908
19.545406
15.524175
13.341664
14.747839
34.508419
19.058434
18.973666
27.101061
16.821518
30.007861
7.386921
32.644644
36.854289
24.758837
25.059928
34.785153
19.926043
11.704700
12.806248
37.319607
27.892651
28.921108
15.243398
38.910153
6.993605
20.124612
14.831482
18.701740
33.025626
16.155494
8.935072
41.689092
28.057564
10.971770
19.000000
10.866204
36.221541
22.671568
24.225860
26.624372
30.633601
10.581004
26.728062
26.042014
15.584428
36.233087
19.610999
30.149627
14.686055
19.261397
33.118018
8.483395
7.500311
30.715830
33.157993
13.601471
43.184541
32.809591
19.393730
27.294688
16.414823
16.278821
12.783428
25.626798
33.755335
12.783054
13.000000
31.811196
17.492856
21.999545
31.408700
33.734442
7.412658
12.011884
5.939966
28.335074
6.082763
16.222660
26.888477
11.759549
41.336951
12.529964
38.831905
14.697721
21.587033
11.850609
15.839406
22.153080
5.830952
23.510064
9.277985
32.132930
5.585728
9.433981
9.581638
47.243290
14.963296
28.778027
14.594302
10.049876
22.276728
20.258956
27.802878
8.218460
10.531912
13.892444
28.406033
32.449961
29.154759
30.533888
33.955854
39.357337
5.126919
9.335479
12.765766
7.840410
19.063921
18.027756
21.316533
42.606249
34.358798
17.723920
2.856187
14.515974
14.165770
26.370252
28.461565
8.230739
31.891141
21.663765
9.355167
13.478126
12.681840
38.442197
15.039456
22.799507
35.650259
10.732103
21.321661
26.090040
13.879217
26.668215
38.288379
30.848676
40.932542
25.349235
20.210327
33.154789
16.134214
35.194648
7.559229
20.615528
10.234950
6.324555
30.614864
12.015534
20.793437
7.000000
45.000000
15.863091
18.357560
19.723083
17.686778
12.806248
29.911917
16.031220
18.110770
25.355695
26.723967
11.764759
45.221676
10.607681
19.249660
35.573115
21.824945
21.566305
17.734507
30.750322
15.359810
3.872990
26.947568
12.165525
12.533069
15.000000
32.557641
4.242641
20.526574
8.154244
44.001240
9.805851
15.132746
17.928966
1.391548
16.478257
16.124515
12.649111
35.429478
21.366344
22.803509
31.900991
26.305893
22.046419
33.873772
31.349428
26.705412
13.152128
19.916238
25.728261
26.073361
36.235342
32.603044
20.615528
14.560220
36.674242
8.204518
23.095126
15.218993
9.055385
32.878155
13.601471
45.204016
9.055385
17.687840
9.915891
11.101582
9.281574
17.464249
12.608430
26.076810
8.047032
16.457609
16.715927
13.928388
26.925824
19.211474
25.000000
19.235384
18.592356
10.084770
30.566137
12.573458
20.296766
25.853418
24.113829
41.146081
26.172505
26.570661
5.111250
29.925270
7.620915
11.401754
6.267210
34.998909
24.893357
8.528147
6.387800
33.970576
28.032836
5.888024
41.735161
11.190450
21.618716
8.600425
22.895006
9.219544
22.433891
24.515301
17.499162
6.708204
2.143150
20.247923
30.139532
28.635642
15.108392
31.622777
24.430920
37.735925
20.776427
20.470916
34.496699
6.274463
11.313708
33.922858
19.433260
16.442196
38.200096
25.426101
9.970036
19.918354
26.339016
14.481584
33.665226
36.891277
38.639358
29.312405
14.982753
6.403124
17.307334
38.209946
29.435668
18.387236
22.145966
15.835242
8.709853
12.364475
18.232043
22.313654
38.000000
29.756224
11.369617
8.949329
9.300923
24.362625
22.203603
35.611376
20.097889
42.095295
31.071477
7.062515
17.088007
21.350483
29.154759
7.206759
22.952539
15.236410
51.623638
11.058538
16.970563
18.941412
6.708204
18.665422
8.602325
23.706539
23.718584
19.164775
7.919265
11.180340
6.403124
4.234337
22.650946
8.544004
29.392392
20.467028
41.890751
10.019914
34.764215
19.209394
28.351825
3.361704
28.301943
20.000000
24.083189
30.821895
38.587563
33.513754
12.975349
28.653098
16.124515
26.035539
24.988763
14.055061
32.015621
14.419436
20.323515
19.104973
18.656938
43.863424
36.162001
24.053473
19.812670
21.987610
17.464249
21.313964
18.027756
7.710096
18.001422
5.265134
23.505346
1.762165
17.622491
10.630146
12.200582
27.988355
21.025563
41.922837
10.623101
7.000000
20.011160
2.089067
36.228754
16.969678
7.458151
25.898178
20.841717
20.457171
8.944272
21.377558
20.504022
19.235384
22.324175
30.684861
12.293219
30.796535
12.821030
33.887634
12.487386
22.022716
34.014703
26.448431
10.770330
26.248809
13.137247
5.539288
15.231546
34.205263
33.009974
26.008171
38.018570
42.537998
16.000000
31.218841
14.808719
28.768130
13.708010
30.666169
19.591909
17.439453
33.367197
24.873931
9.438642
32.232555
21.332021
21.966861
33.406206
7.404649
31.547650
14.866069
12.533793
2.600987
41.943600
33.271600
4.763313
11.753199
14.002446
9.014478
22.518265
28.792360
33.715568
29.000000
9.001149
13.000000
25.633778
17.204651
14.821161
16.289800
27.941663
43.967336
24.413111
19.818632
16.158349
45.967380
3.183700
26.279505
23.834776
11.619553
31.865303
35.445016
11.524326
26.305893
23.857186
3.653487
15.266228
23.345235
35.071478
15.279748
33.600595
28.474615
39.578939
41.093765
14.580424
12.021110
24.186773
31.141467
14.942337
36.715120
18.929304
21.633308
33.263088
46.043458
22.872508
13.114527
9.111659
26.019224
6.679038
24.320348
23.171727
9.899495
17.144994
24.933995
19.723083
16.067962
20.959447
22.627417
11.655497
35.114100
30.855477
17.088007
20.158019
19.214681
24.115971
30.479501
20.657317
19.236896
24.307457
41.109610
10.943341
11.760951
12.649111
8.429947
31.042336
43.129881
18.248288
34.858476
12.369317
9.199649
22.711965
19.825739
12.490770
17.259039
25.059928
31.587828
16.478349
10.146918
12.483329
5.237326
19.104973
23.086793
17.527929
17.055105
0.000000
11.966926
12.158886
33.241540
14.142136
27.685099
32.310989
20.643205
12.799779
19.075318
8.421406
15.239251
25.483993
7.999865
24.702327
16.750147
2.828427
21.841859
21.174830
28.145760
29.049706
37.290924
36.207972
15.231546
13.366603
3.879164
13.806401
31.005441
24.260361
14.454504
16.872352
13.038405
12.529964
26.205451
10.000000
6.107016
13.938449
30.573277
33.095222
5.743473
20.592104
28.859037
31.736338
21.050571
18.870945
19.198346
23.757186
8.359303
27.682019
14.891230
7.771145
21.078978
13.287232
13.038405
13.002667
15.779942
10.751960
8.806461
26.240250
11.944445
11.148793
8.926306
10.295630
20.024984
20.453051
44.923196
12.162269
15.620499
31.768251
14.550857
37.067115
3.986252
12.782909
22.526562
32.202484
39.303196
22.784113
35.753548
13.620673
25.126788
34.298141
4.366850
20.248457
12.264318
27.827607
33.376639
28.544414
28.929060
41.677332
26.627054
30.618665
14.866069
8.904028
27.821768
28.459658
24.975506
17.156931
15.816548
17.322867
8.000000
33.611085
26.723429
14.046123
13.000000
10.132049
6.996757
24.078586
13.392154
2.557175
35.510562
23.187240
27.053365
31.653980
35.919651
6.004189
26.040012
21.023796
37.294499
7.992851
18.439089
22.203603
26.668775
5.355872
31.036626
20.870915
9.271007
30.238870
14.660573
20.591260
27.143425
32.396088
27.913283
24.131628
13.743151
13.453624
38.078866
18.198148
21.342353
13.096838
25.625622
16.919053
11.367094
14.425299
23.171817
28.721854
35.776421
22.422842
28.284271
37.787354
17.000000
29.093950
14.764823
10.964025
6.757907
20.514461
31.540717
8.944272
9.219544
4.123106
24.166092
21.379599
39.026659
6.082763
31.978004
19.849433
25.316634
3.315953
36.235061
13.441891
7.976027
4.700906
8.544004
21.766442
15.590620
25.288670
10.330525
8.491804
39.577483
42.624393
29.216237
33.837849
15.652476
8.485475
6.236859
26.754868
14.855691
8.073316
20.161720
6.673020
19.104973
3.058027
6.967431
14.866069
11.842334
26.132388
7.382802
3.287265
16.934750
19.524063
22.610416
20.555958
19.378000
25.091561
24.489862
27.191415
7.708629
32.755965
21.013431
17.541014
20.880613
24.605633
10.000000
11.355206
21.376010
30.479501
17.758238
16.786730
25.612497
29.625299
27.826301
25.872307
13.509625
17.888544
12.560065
5.815161
10.816654
17.015929
26.486709
14.973993
20.985787
38.587563
7.693638
17.307735
11.295502
6.121906
18.636171
5.000000
29.832033
11.571481
13.683140
29.832868
22.203603
15.027731
38.118237
6.146700
34.669872
7.130115
34.345502
29.206164
22.559995
31.985138
4.329469
27.239545
11.634291
13.602132
42.558607
16.773988
29.068884
16.663554
16.061177
26.127888
16.278821
13.722251
20.711308
19.389209
45.569495
26.204345
11.180340
22.022716
13.341664
12.806248
25.059928
25.471381
18.186359
24.417856
20.092944
12.561687
16.680379
28.304139
3.605551
9.219544
0.000000
12.927061
14.871635
37.466467
13.411585
20.703295
8.043611
39.382723
29.336221
17.436328
8.544004
21.711813
25.179357
17.850684
22.022716
28.044767
9.712868
16.278821
17.804557
39.891432
20.897134
20.375115
25.521707
8.200736
1.790363
14.249399
20.793340
16.763055
34.010538
40.000000
1.600382
19.069408
19.168107
37.142709
33.740256
34.521527
38.122725
39.824616
6.411115
16.462413
31.795562
10.109194
45.539901
23.328542
12.232938
12.710818
3.239574
23.738084
9.005712
16.255759
26.075274
18.719606
18.189252
19.340169
27.943416
33.762346
30.472924
15.696731
21.931100
12.082510
13.188338
33.083802
10.602254
11.066940
13.465695
15.206892
10.474290
15.700511
18.946591
21.311385
16.577482
7.459943
14.844837
21.078325
34.421825
27.959849
22.735023
27.773378
17.270013
33.936177
13.193915
24.542518
26.105361
27.744961
24.220547
45.118329
35.012806
7.424488
25.447012
5.932723
5.924243
33.030534
26.997849
5.710744
35.634052
20.983765
13.585936
23.507518
12.461533
11.620192
38.988021
9.343436
24.125298
21.594285
18.563982
17.886152
38.575121
26.984846
20.541073
15.348839
14.616615
33.265482
14.231339
17.568368
29.593492
27.668135
33.517923
21.729341
14.799979
13.296223
31.934504
30.743118
45.546463
28.908843
14.644421
30.396293
23.843165
30.177913
28.444109
20.912940
16.270959
21.603371
41.429902
11.377501
29.434275
20.191194
7.824682
34.047848
22.486737
14.573116
24.126788
14.081072
9.870891
5.378303
30.183656
30.036746
4.279383
3.569490
16.669327
16.980243
31.524319
18.343432
28.378582
22.277197
32.309606
4.525449
30.897831
17.943335
17.437583
35.104441
18.533077
18.985802
14.619839
30.278651
18.670192
22.032394
26.098569
10.983980
5.130271
28.105452
9.767678
13.791118
11.820265
28.391993
25.652878
21.234670
3.661426
37.314629
18.522264
13.137660
39.290852
26.056234
13.360839
7.303477
21.663924
15.094632
27.689268
19.762602
4.383767
32.536486
38.463936
35.677776
39.803131
17.258766
25.149185
25.025139
15.341689
20.433200
32.652456
16.667941
31.522779
16.091957
28.819060
10.119377
16.919053
30.328774
15.000915
19.181784
8.194802
19.531504
19.143882
19.812749
33.405544
11.152530
35.619839
27.357690
15.974806
14.172211
17.104366
30.380027
30.264585
15.631534
26.404341
26.157596
24.846239
17.411272
21.816542
2.849305
29.742929
16.060945
21.498334
40.016509
28.925584
25.676498
12.826344
13.868394
18.441716
28.336971
13.650166
10.521469
10.429955
22.461841
15.103865
35.156631
10.829365
9.564206
16.048828
31.175635
6.134042
30.831347
24.307005
19.232479
36.360469
7.244481
32.145337
24.776033
13.726556
25.216911
23.897852
10.906582
15.772525
20.363145
10.504207
29.086759
14.702318
42.865850
3.412902
19.830131
7.087846
13.466853
16.795413
29.030101
23.877821
23.579656
18.649936
19.669880
38.400886
7.905573
31.533069
18.316988
22.496953
16.770985
24.523218
6.343525
23.328695
19.863802
9.170038
15.779558
22.617043
31.174630
21.548399
9.013073
24.835270
25.333940
32.388506
8.768109
15.322647
17.104845
27.021315
24.437919
17.564541
4.974051
15.718505
12.723221
11.628294
10.185736
22.149755
14.024906
29.677936
19.395307
15.146093
23.301182
9.284521
12.284448
35.971512
25.229732
27.346745
19.810328
21.830662
10.536249
25.916537
18.303351
7.122947
22.343693
22.651913
29.023162
16.149515
16.670370
1.845121
16.444288
22.046208
37.956719
20.648827
13.196848
25.755577
7.636081
27.335723
8.274728
15.215672
14.603758
29.439866
20.571215
37.819724
13.252281
11.370342
4.392653
15.737243
11.600147
47.026220
35.337254
29.622915
8.702910
30.149197
30.745074
28.250463
24.336224
34.735636
18.717213
9.508636
22.894894
33.530466
20.263317
31.405514
19.089033
14.145192
12.849708
12.574254
26.805484
20.539257
26.734378
22.855936
16.375601
32.684046
18.937290
9.788237
8.021302
28.580596
21.675812
30.650234
28.368225
13.678444
25.762415
39.491508
13.114456
11.086791
16.700400
30.406316
37.311994
10.124421
31.783410
9.658017
12.714093
32.234161
35.516936
17.156931
4.005802
9.727166
9.985695
24.221389
18.891318
22.358246
4.882579
31.989761
17.505041
26.587467
26.183509
27.402546
35.644038
23.387646
13.850560
8.140369
28.914060
18.997209
4.049053
21.818467
26.252349
9.264486
29.812333
33.295423
35.151400
36.883632
24.414961
10.052800
29.150300
28.935812
8.179767
32.423732
38.217744
25.185019
6.557551
28.759200
23.944073
27.689383
29.451044
29.068254
32.269895
20.481142
29.015513
29.073914
9.303506
32.158169
27.329231
35.084642
22.139626
28.784486
21.220360
16.824259
12.803363
18.598821
9.248097
26.299706
12.415048
21.546487
35.047316
9.559375
19.256645
39.148233
18.734576
21.483323
33.890263
15.467687
12.685853
25.604747
12.797599
29.350770
20.467028
22.034849
27.514264
28.734278
25.549048
14.253494
14.937384
25.141057
24.501637
10.048749
18.990972
11.320870
13.006191
13.010327
18.043407
20.491735
8.361006
9.078653
18.100395
27.861693
19.886030
29.444675
13.093789
26.850179
27.386297
25.758674
29.815109
28.141858
21.273411
27.118503
32.845032
11.906189
18.141735
11.345485
3.232363
29.492738
15.805377
15.413359
5.567875
24.432690
12.061852
13.653428
20.002235
18.894443
17.435563
27.353496
13.673211
17.739906
30.211521
20.157729
36.593751
6.778048
19.802942
32.262448
40.783694
34.627231
5.149498
17.318608
27.537692
21.417688
20.855628
34.523693
17.423330
11.251213
17.939224
15.642901
25.534743
17.806296
12.838593
12.748752
10.225352
18.888206
35.666942
30.987822
11.155236
17.438828
15.811789
31.780527
9.386258
12.797336
11.213768
15.974608
13.549554
4.046128
20.211775
11.197386
25.955292
9.735737
24.675156
29.341472
9.846760
0.000000
28.952299
13.199671
33.990876
11.879015
11.108456
18.308234
6.648938
8.929560
15.935182
31.935977
31.314529
28.236215
13.504325
17.067496
30.404482
19.570444
6.074865
33.852993
33.815021
18.299901
6.905539
6.230998
9.032216
23.596157
14.064128
18.334513
29.084272
15.484927
13.538625
28.047995
22.217420
28.912332
27.444551
36.303275
27.250715
12.243336
39.605189
26.945787
24.901761
24.180093
19.716994
18.932375
33.349758
22.037655
18.228002
38.793991
14.411528
28.489707
25.395089
22.614720
25.945907
19.991919
6.872574
18.025003
12.794127
16.708991
9.358992
19.095874
7.230871
33.538791
35.692806
16.496622
13.015553
20.122783
30.899346
20.029530
16.865077
20.934351
10.740653
13.225451
18.133135
28.405595
21.659716
12.294473
26.102530
37.013488
8.818990
29.143671
19.063431
25.475824
24.561417
36.260175
35.516166
15.605284
15.454550
18.285625
18.882313
1.301515
4.822866
32.824903
37.432166
23.683732
20.376963
31.859881
38.110423
11.439295
25.203548
20.831459
30.752674
12.423994
24.144588
32.171564
13.878954
20.584490
32.390724
29.005698
31.520884
29.357781
6.051245
22.933813
13.252125
24.302889
18.953993
13.570708
22.593483
4.533104
37.902838
7.230350
35.458072
32.667545
13.079248
28.606124
17.785550
19.363622
10.291768
35.659962
25.695543
27.955756
9.954119
21.653345
31.267178
7.321827
5.082723
12.187137
3.487237
13.028566
42.363886
30.482285
7.990946
33.928461
17.158237
28.215248
14.379620
20.090721
2.953819
10.385067
34.757706
8.392247
34.228362
31.962796
11.534424
29.118364
38.599298
35.981923
32.053034
14.613682
9.329103
9.365997
30.187504
10.152217
22.260632
19.700264
19.258029
28.560796
10.849530
4.014390
4.416534
14.599867
19.759743
20.832551
28.880992
26.771048
12.067049
20.640942
10.737271
22.485275
21.842769
26.503241
8.525586
33.651092
22.735221
28.373989
20.555674
7.961871
20.725076
26.437654
30.241945
21.575737
29.011627
21.346429
7.405948
4.077107
29.566796
30.214115
9.262075
26.755056
30.129286
30.820562
8.616939
22.312829
23.976510
17.990578
24.249916
2.808213
8.697066
40.201805
8.659452
15.250187
17.892652
34.111169
31.940290
31.273651
25.615259
12.336046
14.558412
26.040012
0.938593
10.518502
23.671200
12.053323
40.874364
19.765110
25.976138
2.880904
1.279719
27.689588
13.293245
39.062255
21.496670
7.388858
35.744105
23.365695
42.355599
13.615104
20.562834
4.933730
13.136993
10.600122
4.212438
18.529204
2.026323
33.920329
20.805457
23.656134
17.432485
8.005761
27.593023
21.775043
39.115184
18.636448
14.052282
45.625203
20.171602
2.699803
3.925195
17.468743
30.399856
27.872234
36.055236
14.849087
29.281170
9.108898
37.463143
20.190750
6.147496
18.044974
18.078843
3.850169
16.788871
35.032218
17.888005
20.287093
14.124455
23.545935
5.326685
18.027615
32.892445
25.606784
43.493609
11.852411
26.648066
11.912290
11.394360
32.323640
5.989450
18.335827
40.459019
14.431415
18.619343
22.557607
45.266028
28.123840
33.523788
16.136986
33.518631
28.933881
5.628664
11.084754
18.528586
22.854725
15.109900
24.197894
31.964786
21.087142
34.711300
34.130574
15.869684
42.270907
16.311082
21.956377
37.032330
16.911477
9.561854
29.104341
6.472389
15.313796
25.815690
9.200285
21.019446
11.394204
19.775678
7.729781
24.090109
3.260073
19.233621
21.795926
27.291442
19.735760
22.169950
12.414346
8.893530
24.677667
11.586802
36.836052
18.907228
25.667346
11.649403
33.673454
32.173893
7.990583
29.412747
14.812735
21.624273
6.593732
22.653616
36.631631
15.303023
33.466346
29.923651
11.895524
30.177913
22.475616
32.261129
6.551449
16.649981
23.045909
17.243461
8.477780
28.224805
9.266873
24.744347
17.683463
14.850612
25.211856
6.253686
30.213253
18.682381
25.396889
26.423541
23.003932
8.862192
39.293010
3.130504
6.954782
17.447319
14.992884
21.688126
16.743434
26.042083
9.018189
3.185001
15.960566
8.141061
17.979903
6.797945
8.523254
24.962017
19.823666
17.737664
10.098588
8.961023
26.447243
31.073503
19.167114
30.389021
26.308870
19.916580
13.959089
14.247226
14.364067
30.585053
32.574826
29.081713
26.971160
27.389565
30.194318
27.759900
6.191101
31.862705
39.702566
18.378895
16.030362
14.333387
27.620275
30.042538
7.619420
18.509808
9.057653
40.132597
33.077834
1.247169
15.432432
17.433631
4.223436
19.098872
30.003727
23.540877
8.239945
25.784884
22.805205
24.708994
37.932761
28.355922
17.828906
28.074333
20.612202
36.756879
28.527114
12.138130
41.581681
21.540165
6.774801
34.678232
31.599786
18.070366
4.929838
30.154926
35.486661
18.453641
6.676447
20.531839
23.349449
14.389710
11.821673
13.933138
45.488191
20.548659
7.742183
16.439477
10.422625
32.388704
34.794103
7.598965
26.817974
2.939119
28.965153
21.082119
37.921696
12.119243
19.439979
26.694468
11.004857
33.243790
16.537023
19.223391
19.827090
26.562323
9.047229
9.587952
35.153484
10.840492
20.093049
21.621891
29.065021
9.166866
11.702591
16.897897
16.882278
6.196792
35.539540
21.203263
37.991781
9.528500
18.008701
0.000000
9.102369
4.695145
28.740436
6.200855
9.084524
11.836767
13.932510
25.659646
21.232482
15.298767
11.665901
16.535095
8.558560
28.406474
32.625327
26.445189
14.966467
6.849573
32.853444
16.307194
19.614738
33.329420
22.674870
27.471795
11.075047
5.040815
33.092753
16.983157
21.307791
19.909175
27.324336
29.125875
38.271562
13.311021
8.223959
26.731684
37.044703
3.953081
7.680057
30.359857
9.507362
16.775939
20.635458
24.078995
6.157534
24.662481
32.929477
17.976656
38.753982
6.165589
17.196567
17.183517
34.342677
13.936906
3.923483
8.083772
29.751740
18.582860
24.857143
22.387645
16.621758
20.722407
1.701674
20.290829
9.302540
28.314398
18.671909
19.573376
37.830675
35.444868
21.322066
37.119074
25.639693
6.308761
10.561510
47.567743
1.235318
18.168738
15.285235
35.413006
18.634788
29.607877
18.912741
33.515300
37.660492
35.681921
37.309626
39.975961
26.375265
40.156659
13.675031
23.208433
20.967529
20.807008
34.436236
13.995273
22.290380
25.594297
16.381561
0.000000
19.663836
20.274966
31.781668
14.333340
24.734237
13.971798
16.847181
32.372841
18.460095
25.827547
23.115795
35.398984
8.577159
31.625832
10.203013
20.597178
5.936853
20.835137
7.178027
34.970253
33.173020
31.884157
24.240717
23.064700
52.026403
27.054836
6.583078
30.559334
28.734263
19.385093
36.327388
37.165325
3.865868
26.057594
12.938526
18.254265
14.913469
20.803281
31.836437
24.064656
10.569623
23.874311
8.522336
10.570971
32.324110
8.189629
20.190060
34.248755
25.651969
16.603323
13.061858
23.904004
23.755046
0.000000
17.161374
30.243409
23.240810
3.989160
16.291972
12.855906
14.653031
20.159641
31.835150
28.969744
18.746923
27.286750
23.358154
23.507394
21.968752
32.040991
40.967163
33.083883
35.113250
16.632187
22.512798
10.440555
5.271484
29.287637
20.593319
6.003874
30.142126
6.518607
19.328710
20.544813
26.094846
30.199967
22.537948
0.432503
23.881829
29.106218
6.167358
1.034826
18.201268
28.607801
10.417018
13.582076
12.152362
25.419500
35.710800
11.880862
40.246212
34.278092
16.542078
6.832254
17.015186
35.501535
11.087891
32.007452
8.694435
39.646008
20.324154
23.843578
10.528415
24.361302
5.843077
24.523955
21.234670
11.844273
10.649444
23.392686
6.998762
3.626747
26.260649
18.748494
14.764681
28.091529
12.845017
21.956378
17.771571
36.489642
5.490891
24.610420
33.641429
39.897864
26.955982
3.544751
18.845546
17.720512
22.260447
18.599759
7.270369
27.469719
28.102406
26.072441
9.567547
8.921474
2.467246
29.106218
6.655717
20.658448
1.433527
11.815671
39.133264
16.343075
27.127728
9.683560
35.310277
18.061879
23.453604
21.568337
19.516170
36.890441
12.784758
26.151960
9.910749
16.539010
29.193583
28.200347
16.768284
18.147596
24.951786
31.455711
9.614224
13.067072
37.621998
28.468469
24.634560
9.641512
11.196280
31.843545
25.318931
24.411129
35.892071
19.726223
34.637587
11.122656
27.567571
30.350321
39.155436
33.292396
12.919925
32.765785
17.226611
11.116781
11.993214
23.670354
33.731554
20.206864
19.659169
1.948558
6.232554
19.960787
11.386805
25.830234
20.192382
21.551556
10.563486
28.218473
2.674843
2.115955
38.225661
13.558841
22.731482
36.768125
25.239186
11.915014
19.975015
31.664708
14.199583
4.696331
17.925182
19.866070
26.505894
36.065894
11.604848
16.116731
23.197580
1.580788
36.520711
6.235951
31.291291
35.478631
15.766595
10.036825
11.171933
23.893406
16.934030
36.446465
4.464920
3.073901
17.589698
15.482784
12.774394
20.298333
13.457171
32.441594
29.952847
13.866322
26.627984
9.465695
12.551198
36.095420
25.149044
5.951811
32.121472
25.190835
31.948591
0.571671
8.806461
11.151296
0.860383
3.558505
23.613488
7.611723
30.787381
30.291118
15.945082
43.574974
28.493802
34.285308
41.909341
8.792712
33.876058
8.965376
13.680060
25.304693
1.149430
21.740454
18.936985
31.596361
21.808106
13.959681
14.026613
7.336045
22.005413
29.091898
12.232775
19.320444
17.418166
36.513787
9.293124
20.810327
20.411685
3.194273
32.190461
15.907627
10.262171
22.725545
20.973836
14.683695
19.738311
15.497141
20.353225
18.431025
46.518203
25.808910
33.584616
14.567110
32.708711
24.672239
14.194281
28.300524
13.093498
29.250169
21.364414
16.354660
6.695578
43.817172
4.821477
27.027885
18.647586
1.706402
38.133630
28.645510
19.307755
25.214100
17.570686
26.555011
18.201268
16.561486
16.600047
1.683753
4.239406
23.523011
4.914752
33.404272
5.890632
22.886629
13.505226
26.941124
29.078369
8.867859
7.247329
9.815762
26.718667
11.408419
35.757617
12.298238
32.443215
19.872487
6.473515
41.122101
2.879112
25.171688
4.037112
23.688069
14.668303
16.001125
21.270094
31.716839
28.117388
31.550175
16.492240
15.094632
41.199653
17.870698
15.181769
16.797698
2.515968
10.749536
32.355218
22.964891
22.175503
7.756075
15.236534
18.660672
16.512521
30.779951
35.739060
15.405971
21.925443
12.545113
24.905608
5.307976
6.639228
22.336365
18.446058
20.968034
14.309673
20.082964
19.835011
10.607604
44.823345
20.217258
24.746378
24.182324
25.009755
8.263409
26.581342
13.532444
17.467091
13.188979
23.109574
31.636924
19.829395
21.194222
19.548513
25.691955
13.418311
29.859887
10.215355
7.014760
13.793080
8.836223
19.894195
8.314419
24.092729
22.583194
17.968002
15.966679
32.929355
27.756908
31.747218
17.537733
28.874606
18.449448
21.716625
20.232593
36.850738
25.700013
6.603060
5.946558
9.535888
12.647053
30.474250
35.969679
19.155337
29.198478
39.196609
22.044664
7.193210
13.320954
42.849602
12.698020
21.943792
35.734086
7.325797
2.498892
26.708878
36.523400
11.193665
24.280107
26.673368
33.963942
31.961028
18.978430
18.761800
15.312184
18.046986
14.452782
29.817754
20.105612
26.064752
12.362037
36.458745
20.563300
19.336678
38.143285
22.022482
12.155355
23.599969
25.861580
9.733794
12.286818
27.552718
17.133075
26.518656
4.022402
13.154084
17.606849
16.700482
7.076494
18.824156
28.969531
25.587117
15.127723
35.573145
16.221416
36.254119
8.617171
24.128041
9.039130
37.488041
11.761777
35.454714
31.487795
32.033131
25.470800
8.844931
11.954693
9.426146
10.284082
6.525231
29.973726
28.340200
32.593815
14.309129
16.777376
32.489694
15.158936
26.053836
32.717569
19.726350
38.062488
30.013762
9.086783
24.728540
32.150761
16.529651
23.647439
22.706076
26.382930
22.027336
30.727062
14.829080
39.380015
36.692308
12.117589
17.702691
36.769796
6.638282
15.401048
34.400715
27.263243
18.831657
21.121736
11.464000
16.256658
8.669988
38.026871
30.908638
11.577463
29.749246
39.586732
21.780237
20.406922
19.922488
25.001115
39.032451
29.729225
7.576635
12.488916
12.945480
20.195726
9.258525
20.789193
17.530751
11.038281
19.037228
24.232341
21.895189
18.797423
6.995396
24.096493
22.844766
28.240485
20.890878
23.789059
9.662852
31.009445
5.105827
20.647908
6.494913
37.984225
32.878934
15.244551
33.065813
35.717328
28.378582
20.213803
19.259716
6.732166
37.052580
18.987147
18.563982
46.402931
33.149459
15.486170
13.485518
18.956714
6.608608
9.542798
6.404449
36.538676
10.191947
37.362360
25.172310
14.885803
6.839407
9.965324
23.135900
8.514086
18.584434
19.139616
11.378515
19.734609
20.098588
29.622569
6.383079
20.286409
31.056563
22.838238
24.842577
13.153250
16.130419
7.564686
17.190377
18.415938
31.948591
35.105594
21.120093
17.797579
26.976484
29.587458
15.308179
15.629027
22.422378
7.615292
29.118863
13.683341
34.666245
4.436277
15.995899
34.587676
23.565060
9.946464
5.955898
28.318036
23.299282
7.732084
17.280071
30.653944
39.190884
35.639227
16.437933
21.141184
27.619518
32.626441
10.537987
14.096337
10.858549
12.603582
17.636255
48.131802
21.499922
6.630227
19.911084
34.986882
23.542921
7.380090
24.947830
12.305838
22.019211
8.510307
22.391029
33.442332
3.771621
26.550292
20.550040
22.418503
17.583171
16.220030
8.592179
24.663355
31.467351
20.416077
42.089349
16.410148
4.953078
26.758435
7.668095
26.932352
21.576693
21.816089
19.289953
33.206449
17.128618
44.405220
36.904358
22.424727
30.273723
15.383279
34.997443
9.245161
13.080014
10.515507
9.657450
30.813395
23.423709
10.984092
23.306153
18.165778
22.312200
14.914633
30.926520
7.767688
38.818572
19.744707
21.348210
29.037503
31.081140
15.963255
14.054697
35.047320
14.422536
7.690487
28.103675
18.061633
12.610673
24.413993
20.406304
30.474215
7.923045
10.555736
29.653355
16.591609
24.248759
19.775416
19.203207
23.322005
7.701263
37.709765
6.303548
33.481354
44.988363
22.989870
30.081772
9.841938
8.696859
13.298413
10.072300
16.499747
38.880303
18.686574
15.571270
17.197579
18.704098
21.316536
33.665134
19.370258
2.399253
21.491327
9.789519
14.076214
6.273672
26.241311
37.491881
10.007015
30.650162
11.968261
4.883264
22.894724
9.381381
19.637768
5.646134
15.885294
19.344660
14.695728
25.306405
41.464208
20.221109
13.241400
22.395196
27.809815
27.272252
17.755758
7.380346
6.716940
8.929051
22.193680
14.249399
10.037840
4.603650
29.950433
18.551478
11.290043
20.559661
21.270180
27.335864
16.099017
16.010719
18.272936
15.644790
23.268393
25.472982
16.386373
4.882496
10.016920
32.208013
11.083269
39.318877
9.323432
15.373631
15.080811
31.743872
7.825810
18.637358
3.340005
26.342744
12.907995
24.708214
15.064820
6.777902
3.669691
9.811241
12.524895
10.509360
23.709632
20.930791
25.978636
30.976693
9.083310
31.387092
4.544982
3.360803
16.007152
20.234176
34.688068
31.275284
6.817880
22.409938
36.222384
17.302566
15.404130
24.339516
3.899593
21.600125
11.867331
18.046433
3.923514
46.393263
20.307277
7.753874
12.779550
26.159297
23.252749
15.604833
18.724768
35.953676
5.491905
16.163046
38.269391
25.911659
6.727849
22.531187
34.652651
11.184366
32.459849
25.629434
16.753663
13.327317
12.623859
36.690555
4.600728
12.057948
29.322696
38.338321
19.347852
11.266329
21.475075
3.320320
11.902808
8.876923
23.115795
32.538278
19.295508
23.867103
14.054597
12.755234
29.407426
10.787865
16.315832
16.254017
16.199960
4.079412
44.719447
40.079787
10.585815
38.724249
18.143246
37.569443
34.566692
31.182812
29.518150
26.423541
29.295424
5.408726
12.368389
15.085049
11.116065
21.726177
7.679448
32.897883
5.805899
10.502778
20.751509
16.597926
14.866125
22.360536
13.296012
23.066397
5.458073
15.121927
5.942129
2.506216
16.867072
31.185402
14.187244
9.476060
10.075454
24.275199
29.966423
24.803643
27.033760
4.524501
15.497098
7.696974
30.259278
7.556865
18.036252
29.275788
0.000000
37.005628
12.474902
18.526877
16.895820
18.043896
5.081420
7.781304
23.323155
31.569813
8.373555
18.627450
14.053089
33.376138
25.939240
10.573112
31.733460
29.160238
27.513580
24.980738
20.332204
21.738752
15.202701
37.451811
22.036993
18.199699
36.860339
24.376464
33.286475
27.600276
6.942291
28.372321
35.429230
20.575847
17.634162
28.491727
26.825975
14.012202
24.267029
17.957382
15.741927
39.809505
38.953398
34.283669
17.001252
6.955113
21.529526
23.328542
25.807310
21.559552
24.331391
36.493438
26.782664
17.501472
17.194099
10.330884
20.613809
37.866305
15.109445
16.955981
26.056440
17.191679
9.123181
25.219789
20.276904
11.003336
38.283964
5.810677
16.540448
3.901506
29.132588
29.733144
6.346897
31.467436
11.465319
39.699490
22.879133
20.623463
25.701650
31.321520
4.378737
45.772918
28.486511
16.180178
40.226527
11.033348
8.730496
37.289105
23.504113
27.285016
46.887674
27.956998
11.139846
31.672751
3.711929
6.194715
6.834666
18.568903
8.320380
30.541271
10.734788
10.009025
19.546201
31.415499
21.893778
39.580054
17.919374
11.241409
24.142840
10.470408
30.340180
8.055150
18.989460
20.214037
4.684084
33.486372
15.948057
16.620218
16.313590
21.587103
40.702755
20.472298
23.508350
13.895293
28.232149
17.851521
35.862440
22.112257
12.672880
8.511613
23.381063
12.800356
23.151210
24.981821
18.560849
16.414627
8.824069
31.728388
9.634913
22.797849
18.598347
22.393971
15.670452
35.395192
26.561085
13.242388
23.113082
40.190160
16.357136
27.602082
21.733359
43.401292
37.894479
11.600147
24.141829
20.122513
18.543564
23.746970
16.883191
11.635563
15.598116
26.093045
33.725661
22.986191
33.368789
26.501240
16.133712
6.089534
11.947989
23.507394
19.680881
12.012495
31.067619
45.170598
30.682308
15.185592
19.086523
30.505059
20.760829
21.126741
21.724406
34.315795
24.073628
7.952362
30.992294
8.082376
18.402461
26.763105
25.787823
20.342378
45.076798
27.236536
4.835230
27.867557
4.906554
11.482372
29.308175
38.338321
9.825124
32.844588
26.319893
39.589684
41.353476
32.289455
20.512644
11.120268
26.867109
5.967683
3.575328
12.149456
12.945477
19.316111
23.564941
21.957312
12.415048
11.681344
21.525809
26.650404
41.206751
26.278109
5.077504
20.308229
39.735021
30.954025
20.416754
45.266028
24.138257
16.348537
40.078875
1.915637
29.017523
31.717828
18.167966
22.817791
25.983957
19.517892
4.188355
16.243070
5.465016
24.219431
31.239138
19.437135
32.723880
16.858196
5.332641
24.936168
34.199839
23.072225
17.291401
33.944032
10.320319
8.069335
27.165744
29.148975
22.392684
21.114280
18.132030
32.311390
25.468001
18.375370
13.766842
37.861836
27.874516
25.110788
24.985110
11.648524
12.840728
11.757547
15.141741
25.101379
22.646027
31.828985
14.798079
12.375327
37.314012
23.755980
34.127151
19.062968
36.063506
23.286611
22.441725
27.368512
23.487333
29.645538
2.566711
13.063242
14.398636
34.355066
22.220063
28.582147
36.299883
11.615315
22.704038
35.946388
17.360917
14.293486
5.276428
14.193093
10.188096
23.579806
27.353290
29.280766
15.027196
35.300267
9.338298
24.870454
12.274418
25.681217
8.623399
9.729056
31.712739
33.833171
4.005548
20.765538
35.635781
16.654142
17.807550
15.676596
25.260328
11.568299
5.566522
17.947973
32.082420
15.375182
20.674660
39.823521
11.301185
24.552291
39.649917
25.630914
29.224279
25.687707
38.146235
12.536618
15.809555
28.295619
28.412156
22.409050
24.310260
13.289259
10.961261
31.257729
14.193019
17.441718
10.806347
35.094970
15.111623
18.562203
39.420780
17.701168
2.355020
25.109956
6.128393
10.526522
5.574405
11.841940
30.695539
34.570606
11.704700
34.985711
12.041595
16.031220
25.495098
21.840330
38.000000
18.439089
30.016662
20.880613
29.154759
15.652476
38.470768
23.430749
17.029386
27.513633
19.416488
26.172505
8.544004
35.468296
16.492423
36.400549
10.440307
42.190046
25.709920
20.518285
27.892651
10.000000
37.576588
7.615773
20.518285
31.144823
43.416587
19.924859
15.652476
26.000000
14.866069
22.203603
18.788294
26.683328
18.867962
5.099020
31.320920
24.083189
34.014703
35.171011
8.062258
17.720045
5.830952
17.720045
7.810250
22.022716
36.400549
17.262677
23.021729
15.556349
22.135944
8.544004
3.162278
24.166092
9.055385
37.589892
19.313208
10.049876
20.124612
26.076810
25.632011
29.529646
20.615528
16.552945
1.414214
13.601471
15.811388
2.000000
22.203603
7.810250
10.295630
22.090722
14.866069
38.000000
32.893768
22.090722
23.537205
8.000000
39.115214
3.162278
21.189620
29.068884
39.357337
22.360680
25.000000
13.892444
4.123106
29.427878
21.377558
25.495098
11.045361
21.840330
22.203603
15.652476
1.414214
41.231056
36.124784
18.027756
21.470911
36.878178
30.016662
2.000000
19.924859
6.403124
25.495098
22.000000
20.223748
21.954498
5.099020
25.179357
18.027756
9.486833
32.756679
6.403124
29.529646
11.661904
39.395431
15.297059
11.401754
16.970563
5.830952
17.204651
8.485281
21.095023
27.313001
26.870058
3.000000
21.095023
17.029386
9.219544
14.764823
32.015621
9.486833
8.062258
19.104973
40.804412
17.117243
28.792360
22.203603
16.031220
24.186773
6.403124
2.828427
16.763055
18.439089
2.828427
5.656854
29.068884
18.788294
45.967380
11.000000
22.135944
18.439089
31.827661
5.385165
19.924859
14.866069
8.544004
20.591260
11.180340
20.223748
13.416408
7.211103
28.017851
15.000000
37.735925
34.014703
14.035669
14.866069
25.553865
32.249031
14.866069
8.246211
14.212670
22.000000
20.124612
28.160256
35.000000
28.861739
20.615528
30.805844
20.248457
21.213203
26.907248
14.317821
22.203603
4.123106
24.041631
23.345235
11.313708
30.149627
7.280110
16.492423
2.236068
18.384776
37.643060
21.095023
20.396078
28.284271
36.796739
22.360680
39.560081
18.867962
24.351591
16.643317
27.294688
31.384710
10.000000
7.810250
12.649111
32.062439
39.204592
21.633308
18.000000
18.973666
25.179357
5.830952
35.227830
38.418745
30.149627
34.481879
30.265492
31.622777
13.038405
23.600847
30.083218
32.202484
21.840330
9.000000
35.468296
16.031220
28.319605
24.698178
15.652476
11.401754
13.601471
12.165525
26.907248
7.071068
30.886890
21.840330
13.928388
13.453624
22.022716
34.481879
16.031220
30.066593
33.105891
16.278821
34.176015
12.649111
41.617304
14.764823
27.459060
1.414214
14.035669
19.849433
30.870698
28.284271
8.062258
17.888544
18.601075
15.132746
19.697716
8.000000
10.770330
10.198039
15.297059
31.890437
21.260292
12.041595
17.029386
28.071338
39.661064
39.824616
7.615773
24.698178
13.928388
8.246211
31.048349
13.000000
38.183766
39.408121
23.769729
9.219544
9.899495
20.880613
9.219544
13.038405
17.029386
34.000000
11.401754
29.681644
15.524175
19.209373
20.248457
17.029386
35.608988
40.607881
16.278821
6.324555
22.000000
29.832868
18.357560
19.235384
33.105891
10.198039
19.235384
24.413111
19.924859
26.925824
33.241540
14.866069
26.305893
25.495098
29.154759
35.777088
26.400758
13.152946
11.401754
35.902646
28.160256
11.704700
23.430749
24.041631
12.649111
18.027756
17.088007
28.442925
14.560220
23.000000
9.219544
29.832868
14.560220
10.198039
17.464249
25.298221
22.825424
20.615528
18.110770
31.622777
18.867962
11.180340
16.155494
15.000000
37.013511
16.401219
19.723083
16.124515
20.124612
3.162278
30.149627
12.727922
26.570661
11.180340
21.023796
8.944272
1.414214
28.160256
15.000000
15.000000
38.418745
16.124515
5.000000
13.152946
23.021729
4.472136
27.018512
14.317821
23.345235
46.754679
10.816654
22.803509
32.984845
12.727922
14.000000
5.830952
10.295630
10.440307
22.203603
7.615773
23.853721
11.045361
20.591260
6.403124
16.763055
7.810250
5.385165
31.622777
21.213203
23.600847
23.853721
34.058773
31.384710
38.418745
16.031220
36.013886
18.357560
2.236068
4.472136
13.928388
14.866069
31.064449
21.840330
27.459060
16.124515
37.536649
10.770330
6.403124
10.000000
13.038405
15.132746
30.016662
28.301943
22.561028
1.414214
18.788294
29.546573
23.323808
5.385165
18.384776
28.319605
21.023796
13.601471
10.440307
15.033296
20.099751
28.231188
21.095023
24.331050
12.083046
13.892444
7.280110
21.023796
3.605551
18.027756
8.062258
8.602325
6.708204
9.486833
7.810250
31.048349
14.764823
24.698178
35.846897
30.413813
5.099020
32.756679
28.319605
15.620499
28.460499
25.317978
32.249031
21.587033
39.698866
29.206164
27.784888
21.931712
30.265492
43.278170
19.104973
9.219544
20.518285
3.162278
11.313708
18.439089
14.212670
30.000000
14.560220
34.058773
14.866069
25.612497
14.866069
7.071068
23.706539
37.202150
33.541020
22.203603
13.453624
41.773197
12.083046
26.419690
14.317821
31.048349
15.132746
24.515301
32.062439
13.601471
15.297059
26.000000
14.866069
18.681542
26.000000
33.541020
11.401754
3.162278
9.433981
34.655447
25.612497
40.311289
44.654227
27.073973
36.055513
5.656854
20.518285
46.010868
14.764823
22.022716
15.033296
25.079872
25.709920
21.840330
22.203603
21.587033
23.345235
4.472136
28.000000
16.278821
32.062439
9.848858
22.472205
32.649655
30.675723
26.248809
26.570661
33.970576
7.211103
18.681542
22.360680
37.161808
14.422205
17.464249
19.697716
18.027756
17.888544
24.413111
21.540659
25.000000
39.661064
19.416488
28.160256
30.149627
31.016125
18.867962
32.310989
12.041595
2.236068
29.154759
6.000000
7.071068
11.401754
25.179357
13.038405
31.064449
17.117243
7.071068
10.000000
30.805844
20.518285
22.022716
10.295630
2.236068
23.194827
28.160256
7.211103
12.083046
3.605551
14.866069
14.035669
7.071068
45.803930
15.811388
31.064449
33.970576
7.810250
16.763055
6.082763
3.162278
13.601471
15.231546
23.259407
31.320920
7.810250
24.839485
6.403124
32.015621
32.893768
6.708204
11.045361
15.524175
31.780497
28.319605
6.403124
42.801869
22.671568
25.059928
16.124515
21.587033
4.242641
2.000000
5.000000
19.026298
34.365681
13.928388
44.598206
6.708204
15.811388
21.400935
14.035669
28.000000
31.320920
25.000000
48.083261
7.211103
40.496913
2.000000
31.304952
23.706539
20.518285
25.238859
34.000000
4.472136
5.656854
22.803509
25.806976
14.866069
11.180340
20.248457
42.201896
20.124612
32.695565
19.646883
8.485281
1.000000
32.015621
22.135944
23.706539
7.071068
19.416488
26.925824
34.409301
32.526912
5.385165
39.115214
3.605551
18.248288
19.104973
11.045361
20.880613
12.369317
38.418745
21.377558
14.764823
18.027756
30.265492
12.083046
40.000000
37.107951
25.179357
7.615773
15.811388
33.837849
27.459060
11.401754
26.248809
10.440307
10.198039
19.924859
19.697716
32.202484
13.892444
28.178006
16.552945
17.804494
6.082763
10.630146
10.816654
27.166155
17.804494
26.400758
13.152946
14.866069
39.357337
18.384776
32.449961
11.704700
5.656854
15.132746
26.627054
20.248457
22.825424
31.256999
13.601471
22.360680
26.172505
21.470911
25.632011
13.152946
15.297059
8.544004
42.720019
39.849718
38.948684
10.770330
34.669872
27.294688
31.016125
22.561028
8.544004
29.120440
39.357337
10.000000
29.698485
12.727922
10.770330
36.687873
34.000000
38.013156
33.970576
28.000000
38.600518
18.384776
0.000000
16.552945
39.408121
12.041595
13.038405
22.671568
25.298221
40.012498
10.049876
35.227830
26.400758
15.811388
31.144823
8.485281
17.804494
17.804494
14.142136
2.828427
13.928388
15.297059
25.806976
29.427878
13.601471
28.284271
28.861739
13.928388
16.124515
16.643317
13.892444
13.453624
33.241540
3.605551
20.615528
24.839485
7.071068
23.409400
26.925824
36.796739
35.014283
13.928388
9.486833
14.422205
31.384710
28.319605
11.180340
19.235384
32.802439
14.764823
37.013511
22.360680
35.846897
16.278821
17.204651
14.212670
31.016125
39.217343
18.681542
24.166092
14.000000
18.788294
24.083189
28.319605
15.297059
45.000000
17.204651
30.149627
15.231546
12.206556
19.209373
40.459857
19.209373
26.907248
22.203603
30.463092
28.017851
5.099020
45.967380
20.099751
6.082763
41.109610
23.769729
8.062258
17.804494
27.730849
18.110770
24.186773
15.524175
19.416488
43.931765
28.635642
29.832868
18.027756
10.816654
7.071068
8.062258
5.830952
25.000000
13.892444
31.016125
10.295630
17.262677
1.414214
31.780497
16.492423
21.095023
33.734256
26.476405
6.403124
34.365681
31.780497
10.198039
33.615473
24.515301
6.324555
32.557641
4.123106
37.202150
19.416488
33.955854
26.076810
10.630146
9.433981
21.023796
33.241540
27.313001
10.000000
8.062258
12.083046
10.000000
38.013156
38.910153
31.400637
27.294688
25.179357
8.062258
19.924859
30.066593
9.486833
34.985711
37.696154
15.231546
8.544004
15.524175
14.317821
12.041595
26.476405
41.012193
23.537205
3.162278
26.907248
44.204072
17.204651
40.496913
29.614186
26.248809
15.231546
12.041595
21.095023
30.479501
37.202150
15.033296
26.076810
32.802439
22.022716
17.804494
22.022716
15.811388
25.059928
18.248288
14.866069
23.769729
34.205263
18.027756
23.430749
13.416408
26.000000
31.000000
19.026298
24.413111
25.298221
14.764823
36.124784
2.000000
9.219544
17.464249
23.537205
17.029386
9.219544
34.669872
25.317978
19.646883
16.763055
34.176015
26.832816
19.646883
13.341664
30.000000
34.539832
11.180340
10.198039
18.867962
19.235384
18.027756
35.902646
37.121422
22.135944
2.828427
32.695565
4.000000
19.697716
13.152946
20.615528
28.160256
34.481879
37.656341
18.867962
33.241540
32.062439
21.540659
21.260292
9.219544
19.798990
4.472136
12.206556
10.630146
16.970563
18.439089
23.600847
18.027756
20.808652
6.082763
18.681542
31.304952
10.816654
28.231188
26.172505
34.481879
18.027756
29.546573
18.681542
26.248809
8.000000
13.152946
7.071068
12.369317
30.149627
33.015148
13.341664
19.313208
9.899495
16.124515
13.341664
24.738634
32.310989
19.723083
17.029386
23.537205
12.041595
14.142136
21.260292
7.810250
25.942244
20.615528
18.027756
9.219544
30.413813
11.661904
24.698178
18.439089
13.601471
14.764823
9.219544
2.828427
26.248809
44.654227
30.265492
23.194827
24.738634
3.605551
11.661904
29.529646
17.464249
22.671568
26.076810
18.000000
31.064449
21.633308
38.600518
29.068884
18.788294
19.697716
7.000000
32.015621
10.440307
7.211103
4.123106
12.206556
25.019992
32.756679
16.492423
19.235384
22.135944
9.848858
28.653098
31.400637
32.015621
9.000000
18.357560
9.000000
15.033296
27.802878
21.931712
36.496575
22.360680
28.178006
3.000000
32.249031
33.136083
23.021729
30.000000
10.198039
17.464249
24.738634
28.319605
15.811388
21.470911
36.124784
18.439089
35.355339
22.472205
27.730849
9.219544
10.770330
26.172505
35.805028
19.209373
15.556349
14.866069
30.886890
18.357560
40.311289
12.649111
25.000000
19.235384
7.000000
11.401754
21.540659
6.324555
15.132746
20.124612
28.425341
7.280110
22.825424
14.035669
36.055513
34.205263
19.924859
43.416587
14.866069
15.000000
31.400637
32.000000
21.633308
32.984845
9.486833
25.632011
25.079872
25.942244
13.000000
26.172505
9.000000
35.902646
16.278821
8.485281
37.802116
13.928388
17.000000
31.906112
17.029386
23.345235
31.384710
31.304952
14.560220
16.031220
16.155494
16.552945
18.027756
47.423623
35.510562
16.643317
37.202150
9.055385
21.540659
18.384776
37.735925
45.650849
14.866069
22.803509
7.211103
41.182521
17.117243
20.000000
16.124515
7.071068
38.418745
11.180340
31.016125
13.038405
46.400431
34.176015
37.202150
18.357560
31.144823
14.317821
0.000000
18.110770
19.416488
25.709920
13.928388
19.723083
16.401219
23.021729
34.525353
32.310989
31.622777
5.656854
29.068884
39.824616
21.840330
24.207437
16.401219
23.537205
25.709920
37.013511
32.572995
16.031220
13.000000
7.000000
22.803509
31.144823
5.830952
25.019992
6.082763
2.828427
17.464249
12.649111
31.256999
28.319605
28.635642
20.880613
13.928388
22.803509
7.280110
5.099020
39.357337
9.219544
28.231188
5.385165
15.132746
6.324555
19.416488
10.198039
32.557641
13.601471
14.764823
38.897301
38.078866
14.866069
23.537205
27.459060
19.235384
15.033296
18.357560
28.017851
10.770330
28.600699
14.866069
7.211103
27.166155
23.430749
45.177428
26.400758
12.806248
25.942244
21.023796
27.856777
24.000000
27.730849
48.270074
20.099751
32.249031
4.123106
7.071068
1.414214
10.198039
21.000000
20.024984
12.041595
25.961510
13.341664
10.295630
9.219544
29.681644
20.591260
19.416488
25.019992
20.223748
21.470911
28.460499
22.825424
23.430749
27.459060
21.189620
21.213203
6.708204
30.886890
19.209373
8.062258
24.041631
26.248809
13.000000
22.803509
18.867962
8.544004
22.135944
43.139309
24.083189
37.576588
12.529964
11.401754
24.758837
25.709920
10.049876
26.419690
9.055385
10.049876
34.000000
28.600699
22.203603
0.000000
14.000000
24.331050
24.839485
11.401754
19.849433
8.944272
8.062258
25.806976
5.099020
30.870698
24.083189
28.635642
8.544004
36.124784
15.033296
22.022716
14.560220
29.154759
3.162278
21.931712
21.540659
9.848858
23.021729
40.607881
5.385165
10.049876
38.897301
3.162278
10.198039
21.540659
21.023796
0.000000
24.166092
10.049876
17.804494
19.235384
14.764823
30.066593
19.849433
18.439089
22.360680
38.587563
4.472136
14.764823
4.000000
13.453624
22.360680
34.365681
19.209373
30.413813
18.384776
41.880783
44.294469
34.525353
15.000000
25.612497
2.000000
13.601471
17.888544
29.546573
17.804494
9.219544
11.401754
27.586228
14.142136
31.048349
23.323808
28.160256
33.421550
8.246211
23.000000
25.317978
13.152946
10.049876
18.357560
6.403124
13.928388
14.764823
8.544004
28.653098
20.024984
19.313208
22.360680
14.212670
18.384776
27.892651
7.615773
5.656854
15.297059
36.400549
23.259407
25.000000
33.970576
25.632011
23.769729
20.248457
12.206556
35.510562
37.336309
27.294688
43.416587
17.464249
29.732137
25.079872
16.155494
37.121422
9.219544
21.540659
11.180340
25.553865
9.219544
43.046487
15.231546
18.000000
21.587033
13.928388
38.832976
14.866069
12.529964
26.000000
7.615773
32.557641
14.212670
6.324555
10.630146
10.816654
4.000000
15.000000
16.401219
14.764823
29.274562
23.430749
29.732137
37.802116
27.513633
10.000000
37.013511
11.704700
15.033296
25.317978
41.109610
15.264338
14.764823
21.189620
11.180340
15.132746
24.738634
19.235384
2.236068
32.649655
4.123106
7.071068
11.180340
23.345235
19.416488
48.270074
15.000000
8.944272
6.082763
11.180340
2.236068
12.041595
25.179357
27.459060
23.600847
19.104973
5.099020
21.470911
4.123106
46.690470
26.419690
8.485281
24.041631
6.403124
32.695565
24.738634
24.596748
5.385165
18.439089
14.317821
13.000000
15.231546
9.848858
6.708204
40.816663
14.212670
22.203603
23.323808
18.867962
29.681644
15.811388
22.671568
30.413813
3.000000
6.708204
14.866069
31.048349
6.082763
14.212670
28.231188
21.260292
23.537205
36.138622
19.924859
21.400935
29.154759
14.317821
51.662365
25.000000
11.000000
43.829214
10.049876
7.810250
2.236068
11.704700
32.802439
10.198039
13.601471
20.099751
28.600699
2.828427
10.000000
16.278821
40.607881
15.132746
6.403124
3.605551
41.036569
9.219544
4.472136
15.000000
20.024984
30.528675
32.695565
27.802878
21.095023
10.000000
1.000000
32.984845
32.649655
22.135944
24.758837
5.656854
28.017851
42.638011
11.180340
26.476405
25.179357
8.062258
7.000000
31.622777
29.614186
19.235384
4.123106
12.206556
42.801869
10.630146
15.132746
14.560220
22.671568
23.537205
14.142136
35.902646
21.400935
32.984845
2.828427
15.811388
34.234486
21.095023
8.944272
38.118237
25.495098
39.560081
42.154478
20.880613
26.019224
2.236068
14.035669
16.031220
15.000000
22.360680
3.605551
26.419690
19.235384
11.045361
22.847319
29.427878
37.215588
7.810250
25.961510
35.902646
13.341664
12.041595
25.079872
19.104973
43.863424
26.076810
15.033296
9.219544
14.317821
15.524175
5.830952
31.400637
28.425341
6.324555
18.027756
18.027756
25.495098
29.529646
13.601471
9.000000
15.297059
15.000000
11.180340
19.235384
10.198039
39.293765
10.440307
26.172505
20.248457
51.739733
18.867962
26.400758
29.410882
20.615528
22.203603
12.806248
11.661904
29.274562
4.000000
23.021729
10.770330
29.732137
35.383612
7.810250
15.652476
17.464249
8.944272
18.788294
34.928498
35.777088
6.324555
28.425341
24.041631
14.764823
25.079872
12.806248
12.369317
31.384710
25.455844
30.066593
23.706539
30.066593
23.259407
12.649111
16.124515
21.954498
15.000000
5.099020
38.600518
43.600459
15.811388
8.544004
4.123106
3.162278
10.049876
11.661904
39.115214
35.057096
18.681542
31.764760
25.806976
25.495098
15.524175
30.675723
17.029386
10.816654
33.955854
12.369317
9.486833
16.278821
36.055513
34.481879
18.439089
4.123106
17.888544
3.605551
22.472205
9.219544
41.182521
2.000000
40.049969
12.529964
10.770330
21.377558
21.931712
33.526109
25.632011
17.492856
17.117243
20.248457
25.000000
24.186773
27.202941
37.735925
11.704700
38.209946
41.036569
14.035669
23.021729
25.059928
16.278821
3.000000
7.211103
13.601471
13.601471
28.319605
27.513633
21.633308
30.413813
49.497475
34.828150
31.320920
31.384710
25.179357
25.806976
4.472136
17.464249
17.492856
11.180340
9.219544
14.764823
36.249138
13.601471
11.180340
43.829214
52.402290
17.029386
21.377558
38.418745
12.369317
31.112698
7.000000
16.552945
12.529964
46.097722
30.610456
25.238859
17.029386
6.082763
22.472205
34.828150
22.022716
20.024984
26.925824
7.280110
1.000000
29.832868
21.931712
6.403124
22.203603
19.416488
37.802116
2.236068
21.400935
27.513633
25.806976
20.880613
8.062258
18.110770
25.317978
18.788294
38.013156
34.205263
27.073973
30.413813
27.294688
18.110770
24.166092
26.907248
44.654227
8.062258
18.439089
17.464249
26.627054
12.206556
6.324555
24.698178
8.544004
7.071068
23.853721
26.476405
5.000000
15.000000
16.124515
28.653098
36.674242
29.068884
16.643317
10.630146
6.082763
15.000000
20.615528
21.260292
20.615528
31.064449
29.966648
40.459857
24.596748
8.062258
45.967380
31.064449
25.553865
34.014703
12.165525
40.496913
6.403124
15.652476
16.155494
32.572995
25.179357
23.086793
41.400483
38.013156
18.027756
27.802878
23.345235
10.295630
35.355339
27.856777
10.816654
50.990195
21.023796
20.518285
41.400483
17.492856
20.591260
21.470911
2.828427
26.400758
42.544095
16.401219
15.132746
21.840330
13.000000
36.235342
10.198039
15.000000
17.888544
4.242641
36.878178
25.317978
44.294469
37.643060
27.202941
7.071068
21.540659
33.286634
19.416488
5.830952
31.780497
32.280025
20.024984
33.955854
14.142136
14.866069
24.041631
6.403124
23.345235
31.016125
14.764823
42.720019
30.016662
0.000000
12.806248
13.038405
32.310989
2.000000
19.235384
10.630146
39.962482
16.492423
11.401754
20.248457
23.706539
8.602325
17.464249
16.124515
25.495098
10.049876
21.023796
28.160256
24.698178
27.459060
18.867962
27.856777
26.476405
24.758837
32.015621
37.121422
22.671568
22.561028
18.973666
21.931712
22.803509
27.658633
11.180340
35.468296
22.825424
18.601075
13.152946
21.587033
12.041595
9.219544
18.788294
27.513633
13.000000
39.204592
20.248457
35.693137
14.866069
19.313208
33.541020
15.132746
25.019992
11.000000
22.472205
28.160256
10.295630
22.203603
8.944272
14.035669
18.027756
26.248809
27.658633
32.015621
18.027756
25.000000
30.413813
18.867962
19.849433
11.180340
33.015148
27.294688
28.635642
20.024984
25.495098
38.275318
16.124515
11.180340
18.384776
4.123106
18.027756
23.769729
13.453624
20.396078
25.000000
21.931712
27.202941
24.186773
33.600595
22.360680
11.180340
23.345235
7.211103
6.708204
15.652476
8.544004
35.171011
15.524175
23.409400
34.481879
17.888544
17.464249
12.806248
23.021729
16.401219
12.369317
25.019992
23.430749
35.805028
12.041595
20.248457
38.013156
7.615773
31.622777
7.280110
10.630146
11.704700
25.495098
29.068884
18.384776
18.248288
28.000000
5.099020
24.331050
41.880783
11.045361
50.606324
25.000000
13.000000
13.341664
25.961510
22.000000
28.442925
1.414214
11.401754
34.205263
13.341664
18.357560
27.073973
31.000000
38.052595
41.340053
18.110770
32.756679
17.088007
3.162278
27.802878
29.410882
17.029386
15.000000
3.605551
34.828150
38.470768
33.000000
12.727922
24.351591
27.202941
32.015621
33.241540
21.633308
10.295630
8.062258
14.866069
24.083189
26.172505
27.856777
33.241540
22.561028
6.324555
8.485281
30.413813
3.162278
4.000000
10.295630
27.586228
12.083046
23.194827
19.849433
23.345235
29.732137
32.572995
18.788294
22.803509
44.654227
23.323808
13.416408
9.055385
22.090722
31.400637
30.016662
32.202484
15.264338
37.161808
32.202484
32.695565
28.425341
30.066593
34.438351
36.769553
15.811388
10.000000
21.840330
34.481879
14.422205
14.035669
10.000000
2.236068
9.219544
26.172505
19.104973
24.331050
28.017851
40.311289
37.947332
8.246211
24.083189
13.453624
8.246211
34.828150
22.203603
17.804494
24.413111
19.924859
25.553865
32.557641
32.388269
30.610456
34.058773
23.853721
13.601471
21.840330
21.470911
10.000000
25.079872
5.830952
13.601471
34.525353
26.400758
21.587033
24.515301
18.384776
33.376639
9.848858
26.400758
8.544004
17.000000
19.416488
5.830952
9.219544
34.828150
15.000000
25.632011
24.186773
42.154478
26.683328
32.280025
22.627417
8.544004
9.433981
27.892651
4.000000
10.295630
29.410882
27.000000
16.552945
35.608988
23.769729
7.071068
26.683328
30.463092
26.400758
4.242641
10.630146
15.231546
13.892444
25.298221
8.602325
43.278170
24.331050
22.203603
10.198039
16.278821
29.832868
20.248457
12.649111
11.045361
21.023796
23.853721
18.027756
5.099020
10.000000
5.385165
7.280110
19.026298
31.144823
44.721360
43.600459
17.117243
28.844410
11.401754
15.033296
38.013156
30.000000
42.801869
11.401754
22.847319
49.517674
24.515301
24.000000
3.162278
31.400637
34.539832
8.246211
35.000000
8.544004
10.049876
16.763055
21.540659
9.433981
24.186773
25.079872
30.805844
7.071068
14.212670
36.124784
17.691806
9.000000
20.099751
18.027756
9.433981
45.343136
5.830952
28.160256
29.832868
27.166155
12.649111
23.853721
31.764760
10.000000
23.537205
27.658633
26.925824
17.464249
28.635642
5.000000
32.280025
26.627054
20.248457
11.180340
42.485292
18.439089
25.961510
0.000000
17.804494
17.464249
17.000000
13.601471
39.000000
14.866069
4.123106
14.560220
9.055385
17.720045
6.403124
9.848858
28.861739
36.891733
32.984845
26.305893
9.055385
40.311289
6.082763
20.615528
15.811388
41.109610
28.071338
38.470768
32.984845
35.355339
24.186773
15.297059
30.805844
33.600595
34.014703
18.357560
26.570661
8.062258
16.970563
9.848858
36.359318
18.384776
11.000000
2.828427
4.123106
11.045361
11.401754
25.019992
33.734256
8.544004
12.206556
10.295630
23.409400
17.029386
27.166155
15.033296
25.942244
26.076810
31.048349
18.601075
20.000000
20.248457
5.385165
16.155494
20.396078
3.605551
45.607017
30.016662
18.601075
38.275318
5.656854
9.000000
46.097722
11.401754
6.324555
29.427878
17.088007
18.439089
24.207437
9.486833
5.000000
28.635642
26.248809
4.123106
15.524175
17.464249
26.019224
23.021729
20.808652
4.472136
26.019224
17.492856
35.902646
24.738634
18.027756
34.058773
19.849433
36.878178
36.891733
21.023796
25.632011
33.136083
20.099751
11.661904
22.022716
24.758837
19.313208
29.068884
17.088007
20.223748
14.317821
17.117243
13.601471
27.202941
11.401754
24.413111
5.656854
3.605551
27.658633
40.496913
15.297059
2.828427
32.202484
28.319605
22.627417
27.856777
35.355339
19.235384
7.280110
22.360680
33.105891
12.041595
5.385165
8.062258
32.249031
27.784888
36.069378
16.124515
23.086793
32.449961
17.691806
12.369317
15.033296
42.011903
44.407207
10.000000
25.179357
28.442925
21.840330
22.561028
39.000000
30.000000
10.198039
9.219544
23.194827
24.698178
35.355339
28.301943
3.162278
18.439089
19.104973
24.041631
18.439089
18.601075
36.249138
30.413813
14.866069
22.022716
8.602325
8.944272
26.400758
17.464249
7.000000
38.897301
34.132096
22.803509
21.260292
18.439089
3.605551
38.910153
18.027756
12.806248
17.029386
39.623226
19.026298
14.866069
25.942244
25.553865
14.560220
24.041631
6.082763
22.472205
27.018512
15.556349
30.805844
6.324555
40.459857
30.016662
25.553865
11.401754
31.384710
34.713110
19.416488
32.557641
27.018512
41.109610
21.954498
15.811388
37.735925
30.000000
26.627054
